# PPO Task Accuracy Results
# Time: 2025-07-23-18:12:09
0.01402563180281973
0.010736308357297867
0.014035749290910926
0.006622480322788768
0.0052434009244648775
0.008312990560304337
0.00974791120592326
0.01261526713656511
0.011059712706628522
0.018395023168817304
0.00516517134044568
0.017282103237119133
0.032853105360019556
0.0071659808914383335
0.013293635841825805
0.01662644943931193
0.014047952317646445
0.013587945283674793
0.0019883318344148956
0.0026863689112771073
0.010828527070703286
0.038347171520397724
0.009797603710578485
0.019053805835196676
0.003185368369977857
0.031152026445160196
0.0018288857729014789
0.01849152442777287
0.011232052650099463
0.005926989116606914
0.02225586261853637
0.008145718030717045
0.004614182985910578
0.04012606216247537
0.020294725371593304
0.006742147016125896
0.00831702709411793
0.0107500375587421
0.0099891095792637
0.02197771284733043
0.01842285782237298
0.012202054895193291
0.025761542759640564
0.010314461409927474
0.02179807296441222
0.024561165859399596
0.019166430051088187
0.0
0.017885801514650912
0.023665546101733492
0.0024420510621600525
0.003217253996012788
0.008203642131797952
0.0069603593587392945
0.013466157034112868
0.01096003561150069
0.01692422038704294
0.009483163127437532
0.02047689525686614
0.016672595022804958
0.026121850735974617
0.0
0.022296082095160385
0.01204434080697638
0.007469300746398731
0.016920786106443923
0.013658452023862172
0.005576404214356158
0.006825812910654543
0.013235922605777212
0.010811372946414046
0.007181900973518301
0.02262511794818027
0.006244005705992904
0.027716785178927394
0.01743920359547966
0.010152495552866025
0.010525885791591822
0.025632217114900067
0.006835141007520103
0.016426756621408786
0.0037692291228556573
0.0077090674300671815
0.03405399351700193
0.015940742826847553
0.0049414244462654576
0.03955192383735505
0.015358979549147634
0.012201501587971666
0.0034189053830009546
0.010303821330637227
0.0024154381980444513
0.01154432276639641
0.02257884290602012
0.003217253996012788
0.004559986106841243
0.013488585856851278
0.007913832400528831
0.020194730450120775
0.009164625447660573
0.025354035486399945
0.009371748596841827
0.03132554432197611
0.007895173566683464
0.014884368579030787
0.0062628178358603
0.004712973973730801
0.015417465055753227
0.022625323064956078
0.0063980958840843425
0.01681646056322019
0.014100023517807125
0.026261133039519807
0.01023041873114581
0.013309613013737323
0.015583038771974986
0.013193100422783172
0.010216612655230545
0.007147239035179147
0.008950204113118549
0.020816527012213794
0.00846944924663588
0.006799620299700099
0.008765619861240411
0.00706906353627598
0.014861646075150734
0.02052791709231708
0.012701519410452649
0.018999886348974784
0.017005370398993594
0.0
0.022952119328553015
0.028595426242055945
0.01202600529332369
0.012374201090326496
0.005409093041506265
0.002505209526675345
0.002350591838146084
0.0060431080873680236
0.002650222634272997
0.005996972190337549
0.009677320280548333
0.003255940270530451
0.008466294302682581
0.003223810845309567
0.01257965619079876
0.008300968508293394
0.0028329173735051
0.01119335312007999
0.0024420510621600525
0.011374290007729354
0.015783242654006102
0.007166035122156103
0.008525057067405075
0.025618790153537085
0.03031696184171164
0.024222814663652965
0.04404886311727085
0.011606607771114056
0.003255940270530451
0.014666686402974926
0.0024420510621600525
0.017901884080281445
0.012062380860034156
0.021095684632029172
0.023120705163155526
0.05187603490578704
0.011805358104139293
0.020859455461631364
0.013290283066938368
0.00936922895168452
0.011227225036547859
0.014953625531605591
0.02487273751663857
0.009695765949826182
0.018264053534730644
0.006381965613713889
0.02313109995895497
0.023238274907013873
0.002350591838146084
0.013029120513830733
0.004542184985498195
0.005357994751544396
0.01043096275304719
0.009812808177563938
0.003401900797058732
0.0038626854581522733
0.012490318815039689
0.01034257053937529
0.002958692814969259
0.0032930493355336947
0.012231127740264941
0.009420191027785869
0.024244112981146197
0.005015849456771404
0.0038296953238941313
0.009798334785613056
0.013326559031859855
0.02195772300354214
0.0
0.008032812241745835
0.013802236868435255
0.035354056099688454
0.01621760495161468
0.021109042761385984
0.03389884040616562
0.005282662162690639
0.01066013226421547
0.009155686853698157
0.0198407035862458
0.010259104299588529
0.01324485306321756
0.022967928232234654
0.0027871678168375725
0.028104579821554353
0.002359763453905452
0.008173674170021296
0.01890616662585413
0.01936657803211566
0.02896631709486397
0.007519036842227218
0.017114285148927818
0.011079474103508891
0.012633168895530919
0.017460540671036216
0.015642194778205436
0.010717453661453534
0.01509858617817102
0.005213986110494366
0.022325420682349655
0.00270567865168605
0.0
0.024100326781257696
0.014911534835467238
0.016949192797496525
0.015918694137772284
0.00797863911826667
0.012289448529706992
0.0372590959195508
0.016223884501045494
0.002353340414657034
0.023100883666061063
0.005912422618972858
0.013647101362897974
0.012118015663860466
0.006775246745373933
0.013694500948679264
0.03273449603925764
0.0027871678168375725
0.023728532465264775
0.006358067968040851
0.0
0.007777502207687996
0.007927211113440143
0.012387468141444464
0.017287285629314215
0.024502407860076663
0.04988170543092494
0.023692242221833325
0.006068894952680417
0.0060878805531120374
0.01786438944373487
0.02159617725355987
0.04030621566850759
0.01173132546185191
0.022021021601670736
0.017465956770292407
0.030960930437467792
0.02031396738590867
0.0027871678168375725
0.0019883318344148956
0.011571371849428419
0.00393629599347091
0.0022472756304357426
0.01449834413331256
0.0022472756304357426
0.015495141963799036
0.0
0.013514295422546601
0.011361008550451085
0.006318535364795827
0.016614988754312714
0.016767183901241385
0.00270567865168605
0.021387591647110172
0.010229526936607268
0.006954197852550229
0.002650222634272997
0.0034135634877334245
0.010458118664770474
0.009436130371587716
0.03395939617888196
0.0024154381980444513
0.02115138292440542
0.008045652036820661
0.012921846267702649
0.010506622182632024
0.018258811542129265
0.019919550024404063
0.01362770803319403
0.0058827692610360464
0.02216433914485499
0.01593266972276993
0.01022904980663292
0.021226846162126604
0.01770045937314544
0.01534840690012347
0.01072819496765532
0.017459611589775444
0.016700485455167852
0.023929342721816387
0.037411696922336056
0.017103132738756632
0.06206741188754435
0.02932160953763834
0.007170375126094588
0.013972443455295034
0.007062936247004177
0.007977649018029774
0.03168147516243111
0.010024647137846714
0.019679114921811864
0.012330228493877748
0.014422077580225285
0.02821331627765238
0.0
0.007490791614406331
0.017491789399787145
0.02189812483362907
0.00482887838303465
0.008893520476960026
0.020298075426183088
0.015257591528666048
0.011448687379119367
0.008044584120032026
0.04597217092114324
0.017182215145948674
0.02702983812089462
0.007946968602044937
0.022161562637398144
0.014981016142794271
0.01470824473526991
0.018889470008094413
0.004712973973730801
0.011119000026763956
0.01081018457361629
0.014024251832625867
0.00937605849541608
0.0162186201649976
0.008769552426864396
0.008501751871444824
0.006243302016549323
0.008445579904437613
0.0020466806411926176
0.004841946447153788
0.003782153583665574
0.012637646226037682
0.010104452515696274
0.005764765047116897
0.011439493651884115
0.0435052907080741
0.008444890035476304
0.002904971877062402
0.01473032473052192
0.008555521877286467
0.009261815833196243
0.0026863689112771073
0.008959818685638802
0.015552376766934588
0.014038262185337847
0.01924769883947388
0.002323988082317935
0.016922127014997183
0.01603009057970347
0.012694740771171827
0.015464036896549408
0.0020535552591684726
0.010973220503019146
0.00830703523032612
0.027996813434088035
0.018253783944159867
0.0024955043443055766
0.012015582459906535
0.013460019474300363
0.016247307450131376
0.013478160007343273
0.008512144598576021
0.019546295746413922
0.008500875586709925
0.009042271952041997
0.014324591759924019
0.007806152609800674
0.0033043827014744933
0.028943882560303124
0.008530691825995477
0.027937517371786902
0.0023176427192300193
0.004765173198116095
0.0027810693101768956
0.0050007677775519
0.0
0.006082611698989053
0.014471794574379892
0.006797067389210408
0.01134526462037627
0.009780658097312017
0.0
0.016850661315710454
0.013929876940850083
0.006627626621803906
0.012616000339072763
0.010104730939448683
0.004120229182706592
0.010555754317609852
0.0022656035404912326
0.008132953396274633
0.013140522692098908
0.008266898887370441
0.012619863327235328
0.012265936301420463
0.006822483798263714
0.005010331063678437
0.0
0.018805894605518986
0.01699511524867752
0.008470110337730976
0.008940992165241437
0.011742910566341691
0.00522285308284586
0.007084206233435269
0.010308420736814507
0.007348066342142727
0.0168438855737005
0.02713556528150294
0.004020717917313478
0.03239270519781453
0.020385613049279265
0.014734210617348892
0.002493432191371233
0.020401624130588446
0.03790043689283121
0.03570493658085485
0.008603830564207507
0.03501692097064025
0.010412216415447541
0.013485570663520973
0.010781462475190197
0.006000679858977278
0.011090191089395844
0.0028590915939305035
0.013952872807954866
0.04925919184599083
0.0062052110449835
0.022584484688217155
0.01773771090721462
0.016775743755299707
0.009417375404637138
0.024330409483102326
0.011258093571327855
0.013784251671049247
0.02694734646849059
0.0
0.003038643155825952
0.027343034698760964
0.022461891214932306
0.029008420741759626
0.031610558057725426
0.023881665638434014
0.03177243125896854
0.013854836447030325
0.02229794327223935
0.010181326159229861
0.019498404575747807
0.014362973379984855
0.004133653644915564
0.0048571815617481405
0.009423494246178764
0.01707657249412895
0.006999347464692213
0.0046446880529959576
0.03313481946967657
0.0034135634877334245
0.019531275300865254
0.005564911595609092
0.012261635794712851
0.019039664066223566
0.012795472780550664
0.0046624824855428315
0.015368797457077001
0.016989425612185034
0.0
0.005166150723433881
0.015767496385995207
0.013605333948207057
0.020198518975220115
0.013528714711014921
0.002505209526675345
0.013770776874707047
0.05723773164617747
0.0
0.018305459066529806
0.011319226271904705
0.016899947257834093
0.015959830460687056
0.0027591034718268013
0.017258127265875133
0.014908736577787832
0.009130110248825901
0.019429453923749476
0.03068209813171511
0.03194338287219254
0.01602057674689639
0.005059018168850289
0.006212193183350702
0.011387866017445344
0.0019883318344148956
0.018056811588621345
0.006248993376415981
0.01039632830609495
0.002493432191371233
0.008006875055949414
0.03133954749184349
0.006382534153548738
0.016347293846345007
0.03969129987505869
0.009696801528306242
0.004988872542923604
0.009665373698700627
0.00827760459433749
0.0029034739848391184
0.03943281739530137
0.007882489933712253
0.01570428579502202
0.013209648604054236
0.025011904966135562
0.0
0.00929443262895811
0.02672895158858603
0.020238171212486656
0.004403166120567901
0.01796037491361118
0.009525606736205745
0.02588584054718935
0.017352379876890877
0.008699015344368604
0.009666637138734382
0.01700239755149099
0.011200245108886212
0.027779100379135373
0.010734365610114118
0.011950303456243901
0.03704075889855353
0.010450253398668067
0.0
0.002350591838146084
0.032307792425126866
0.010486710050850057
0.008165046406445336
0.007928484094081756
0.026581074817253074
0.02175350478259086
0.012756636729415299
0.013786383011173997
0.022878785853011945
0.04531952528781262
0.007791557766735307
0.023116704432719088
0.008107853362050306
0.010329183974846617
0.007265691780353187
0.010398463216159098
0.016923532275905515
0.03246806576895374
0.005789064946657786
0.0213079787448165
0.0
0.019226572995579845
0.007958554460195156
0.0211846958925791
0.015769116918528288
0.0038626854581522733
0.015237743305332119
0.010360368593282385
0.015668962611385506
0.0048371514886665955
0.009109985306573889
0.009089186919868191
0.016861738726008123
0.006132116928526018
0.005852518613198106
0.0035898783753960765
0.009089183330740217
0.02368658711252836
0.002333692867610319
0.017643012050731377
0.010598184548311119
0.02475017181717725
0.013530845689968632
0.030326217384787267
0.029226409737610377
0.0061961444757892324
0.00896828539488688
0.019601585517544023
0.005905025303138809
0.0034135634877334245
0.00988456050349326
0.0029777973839736445
0.0031125386733639785
0.052669259176564134
0.021616269462603387
0.0066314312589171335
0.016814653032912276
0.005463210274978306
0.006063486173301295
0.03030225266888375
0.003455662745565551
0.005735874841834407
0.005184633778155266
0.006521636697487282
0.04773486565201469
0.011867230105124282
0.012412125996422343
0.015498755849881122
0.01406510026510541
0.00277895004004611
0.014405328105682028
0.011085375535679768
0.02080584378958033
0.005972698017140668
0.00850884905214385
0.0029777973839736445
0.0065151949686418865
0.01570371661743602
0.0029034739848391184
0.009601702244881377
0.014794021544232663
0.004502054211699859
0.023334721488842865
0.008455499805118711
0.003956179228683512
0.017347519285737238
0.023104039620691047
0.03177038352911784
0.005398871622420983
0.004065707137203838
0.013296535027973944
0.010001970054476918
0.005465287946632436
0.019413253852409423
0.01774111577725421
0.023684267957218664
0.0211961431256859
0.01219623727525378
0.03036861959990335
0.008581248028943687
0.019787873978003974
0.02626796247831472
0.004664128995429155
0.006369733497835027
0.008083716798079722
0.005324617401959097
0.017450160371441308
0.0051830172877879045
0.006294969234977567
0.014613194452203448
0.013646593552662484
0.010206283785973966
0.007822506871640794
0.021019447654045564
0.0319392085181527
0.014254420567545344
0.009677758928508114
0.02818781429111907
0.015337105395419753
0.0187398213520187
0.008837425842514962
0.0
0.003185368369977857
0.017330444695580073
0.018385431425484787
0.013718217720206673
0.019832706146240626
0.017573097318589463
0.007857852852349748
0.014571546086550119
0.0276454651562687
0.01882742474680116
0.024576936623387315
0.019631546590668677
0.01198506402456884
0.015551737432654946
0.007633020106150111
0.008331049526508724
0.018229834601193335
0.003676286962027839
0.018366628318463512
0.009458667303099615
0.020770366624143236
0.01846012549597577
0.008914529922720604
0.024728663894835752
0.01377518279186336
0.011848024626436545
0.022498446418774805
0.007122635273164142
0.0
0.02244883981404203
0.02506570714864781
0.01983843530518204
0.004559686753699577
0.0
0.019491751889778603
0.008146483490183537
0.02408994430045067
0.028572614179314736
0.004846708613275061
0.037062857517228535
0.013625815637495594
0.03003502747663598
0.004020717917313478
0.0
0.003217253996012788
0.0085685168806898
0.018375985474767185
0.02410552326606607
0.0021319472533294376
0.014945032869845254
0.010465479957067503
0.008149717646603253
0.002379162132007566
0.0
0.005391783461505361
0.00625367623330004
0.00654905436942938
0.029646417854092534
0.012895939535040934
0.019997556879708896
0.012985950522742085
0.021153994149625658
0.01030598455776934
0.012117777964050816
0.02417874920221456
0.00995519092974949
0.022588616285288722
0.014689227735074731
0.00635525414285443
0.010121208840726242
0.015736166300951954
0.007862404667609044
0.0064211973837180625
0.009930911261985543
0.005446262030230085
0.010370453706529534
0.00945584577306949
0.009679182129851934
0.012224524787201721
0.006956644761620084
0.016547792460329065
0.007958469926077398
0.009495072826912717
0.005291824204556984
0.002685224257834129
0.026222498764903603
0.027554959696911414
0.00806583610884978
0.0038626854581522733
0.013557148728467805
0.015274272323214239
0.006143502248434778
0.001953377211939972
0.010362113758967579
0.013166574192916062
0.004595308257518886
0.006832765685359832
0.008184711650944487
0.009366793431523685
0.005924057499457299
0.010640943393695456
0.010180127395496424
0.0022726102947535514
0.015611412742266823
0.010117241868019301
0.02416425551186347
0.01393848166780609
0.002097684911597606
0.024553061164406646
0.0027319493838249623
0.013222131378707789
0.0
0.008740002697278147
0.006832765685359832
0.013710103850427282
0.010680617114749994
0.006323877260063357
0.007798477323010246
0.014930512925899548
0.0051832582424623
0.01773188052706755
0.006409179215287423
0.013323959187253856
0.016785461795380787
0.006166421823642335
0.006308709560248353
0.04192302309913036
0.011943360090291863
0.01183020043825828
0.019375768932190264
0.0024420510621600525
0.0
0.011176043701141216
0.008472930528090722
0.027915108689252354
0.022733900901100383
0.011632596616647293
0.01664880343216391
0.01943969107488238
0.005210313350372713
0.029948531370079218
0.010292442751846643
0.013635421282915611
0.0018147037097257554
0.032637599543874476
0.02317239646436875
0.07003830444971956
0.014896456246476236
0.012097315013324868
0.015519236596734468
0.009553552342118955
0.03435259233152973
0.012678895791726926
0.008464600050380511
0.006900097807337406
0.004541817531770108
0.005321104638022349
0.007131415471807265
0.011599590463940587
0.011373321101457575
0.02005997758428676
0.011183157345020683
0.002265681067623422
0.0054805947659615235
0.028206148576041402
0.024473511489370006
0.0
0.002359763453905452
0.007080666984320571
0.03306226295186167
0.015187483664801762
0.005136328067423558
0.019061257664620402
0.013196496050817758
0.013177666123199792
0.002650222634272997
0.004355016327050355
0.04356665489546275
0.021495143164950332
0.003565178510579242
0.011023518736623487
0.014565412496529678
0.013231737447719449
0.012632176741702913
0.013460310050868956
0.013043348681647185
0.020224161346761214
0.021442019451726864
0.019794479917135226
0.003185368369977857
0.005690240187469452
0.028524699580836383
0.016766874743305498
0.012044047148494018
0.005497642179252389
0.0053168530029302444
0.0
0.0135629245233037
0.01774003209462644
0.011696632828228939
0.02295588988600676
0.007611840285451123
0.00579801010478952
0.008710669290733452
0.026852301626666776
0.004148071710031584
0.020397888300536165
0.009896587563981488
0.006056728218814667
0.04058781478114872
0.009348756561482308
0.018675576645374586
0.005297072186467944
0.030744103141425116
0.016972114080679623
0.015510840317791425
0.002353340414657034
0.008525911234226548
0.00725865010240753
0.014950480355454926
0.006314462038982657
0.0099584780462661
0.012330355664084861
0.007758731397773967
0.004288292954007435
0.02442700878068019
0.011886894755021494
0.03664621869568161
0.004276077044265179
0.009492494950688098
0.009492931439378021
0.013975021268198145
0.009732235798075728
0.010621398332117333
0.010390224931636823
0.01460939166007665
0.009460621110948399
0.016781996043892033
0.009838315980408416
0.020192884855050573
0.0065172082673764595
0.04065391302325013
0.009929182343946595
0.005164064999298846
0.013198249982061686
0.024942765127371945
0.03650829889733109
0.01117740349990391
0.002493432191371233
0.009485531699339368
0.009329366288906151
0.016463580727555164
0.012423627265749906
0.006045504661187096
0.02995051658970606
0.006391360871707069
0.0035898783753960765
0.0038754570129182196
0.00885012750905982
0.019990122677638302
0.0072094437365240694
0.013370275111778598
0.004920416381782434
0.014225194805236879
0.011399746048041635
0.0029777973839736445
0.0032191680913326386
0.008611935171748112
0.014495448239843662
0.026837765805325393
0.020530838481801605
0.0
0.020899767031647754
0.015447487929518808
0.016042572048104203
0.019055495510521672
0.025147765986240255
0.0019091308219998683
0.010242982122065123
0.019102923025913265
0.0029777973839736445
0.00992205889140906
0.028684439053502635
0.006165083799298296
0.0209008495120961
0.0
0.02457233452749697
0.016185927670794985
0.0
0.007462823970678363
0.01357925711414117
0.00839622887976871
0.01664023266919911
0.02533181841720737
0.026720831617010065
0.01776587252020324
0.011454828293192897
0.0022726102947535514
0.007313709142019615
0.0029034739848391184
0.014991029531739291
0.020065385588290584
0.004615968550833077
0.023150143561195165
0.00870926887348579
0.0040635671951408
0.016003173478090736
0.00277895004004611
0.0037696951728375906
0.014541879289717018
0.020975845535014314
0.004792047667385118
0.007062984837236238
0.0035898783753960765
0.014855077336787204
0.008000947549242163
0.009285567647215323
0.016532338280423456
0.004693960581063204
0.015311270915044417
0.014774835196310518
0.013248221846902313
0.019028913759816184
0.031505442594693824
0.008451079119244526
0.012967089768714099
0.0180498011898174
0.043202758622028506
0.006898624510708938
0.010636321141750078
0.019412824883407113
0.015827426759948648
0.009106883489876861
0.011979544131528339
0.023059044620317548
0.0034189053830009546
0.009538478282962596
0.008236485979625667
0.01351056868793551
0.003565178510579242
0.013981108413402632
0.011907021262918923
0.022389811980267158
0.010711685980214334
0.004432774182077469
0.011930191360807096
0.026248636501324345
0.02143287463483563
0.005387592178452573
0.01546365816872689
0.014017073105400998
0.011688353337212295
0.0062624540011355185
0.00551403330145252
0.017232161823991378
0.01143568027717661
0.009127582415721232
0.015147103024833622
0.017844688441813143
0.013345273335818832
0.006416921374838472
0.010095151145637932
0.024601013839168132
0.011534299170393758
0.0049730125726228595
0.005210510286440721
0.007122744659427827
0.013696657330388506
0.01755555832110621
0.005628370783792428
0.029968810007273472
0.0069078363005015365
0.015619831573816013
0.006892019293183972
0.013260363126029295
0.006727239926930162
0.03071914343499486
0.03244847293449844
0.028672080356369395
0.010479718131439024
0.007154812303861338
0.021531588527235836
0.027301895235770934
0.026056494632945498
0.015387422593627692
0.015335460669769676
0.022077116172978344
0.009296433301555763
0.013370065499060302
0.023433343921421074
0.0
0.013468447989455738
0.009779101464061066
0.012819090409911953
0.023032132988929557
0.020435327407891102
0.02650852122082207
0.017949631602325343
0.009091847015661745
0.022592900705937342
0.0170489598685373
0.012365618432159036
0.008630217553690598
0.02541773808670682
0.0037692291228556573
0.01182946984770582
0.018947980325920266
0.0033043827014744933
0.010125327848175571
0.006083678901090492
0.00565508431400173
0.020448622712105895
0.009073305134348647
0.011671729222174382
0.0
0.009133820077351454
0.012177352461560719
0.004355016327050355
0.0106113905175409
0.010918518729382948
0.013028200474222967
0.0
0.02148764685548892
0.024546967762689657
0.03195373904013719
0.0035898783753960765
0.004953982118828555
0.0066204734595857575
0.01015357258395749
0.037560381038226676
0.01159846635384483
0.004522635745394349
0.02581644452536195
0.011368115662859255
0.00704805382813013
0.012671850953450628
0.016037828038017198
0.011658479655906249
0.008763342129051038
0.026993776265548934
0.0058107147574787445
0.012973875785321647
0.006251547421856349
0.026449726943462017
0.01158746347760634
0.028564622108025406
0.020811792070958825
0.023931852339560616
0.02952276432813771
0.013939714162452533
0.0022726102947535514
0.011278103952800895
0.011868087774571979
0.005441333062509167
0.01634879701025796
0.01815852884071198
0.0
0.008458432317018798
0.002353340414657034
0.01640127877440469
0.02748820107433538
0.026462432035600496
0.05207993270202645
0.018428986255743407
0.006781695193646768
0.021240554023644644
0.039750936036416884
0.009964944155558174
0.006171162757417236
0.030915690608519307
0.002685224257834129
0.013320494926501924
0.011505464467357413
0.01905135138699344
0.014747745181165808
0.03885491182390438
0.014923823288251823
0.013919272542398387
0.015350674151052035
0.03945610451777384
0.013378901240512681
0.018140574149074905
0.010528501979837557
0.01630887311192138
0.015198563134665033
0.028240911586905438
0.017714662450725612
0.009659917022530093
0.008598636671037727
0.007857739572180056
0.016695522235695315
0.010851524590801756
0.021298762576400874
0.038752957209224656
0.007931904498250411
0.04370740650498113
0.013520344418178842
0.0058982681698656345
0.00702012674478187
0.013602928411336488
0.021133610224158456
0.004560488532131942
0.0034135634877334245
0.02191001745294002
0.016984716222186103
0.0075216059337675
0.007587778714014712
0.009747518450361077
0.014778874905355403
0.029974506088097392
0.02351198686285853
0.012966090932841212
0.023316517673956087
0.03859533797563704
0.019329979243750923
0.015977189810274118
0.008943816377978036
0.030609719961463378
0.0027591034718268013
0.004437389138279538
0.011551008118060856
0.029349178369074608
0.017213403178712904
0.012991769971746212
0.019058828265020134
0.014879586275485007
0.013901537210007092
0.005825447192205862
0.014475905808146899
0.0
0.004795083778360723
0.01400674281345229
0.022568848951570717
0.019304623029422853
0.0066311142983716655
0.005395794171304263
0.018917209906200008
0.005806946586819727
0.011617386718640186
0.021768307360652737
0.01535989117453905
0.0052434009244648775
0.021448333062496994
0.017151822726942677
0.007588938447360721
0.022656901463616354
0.01050209641308331
0.006324814494711899
0.0026537008053374696
0.02293608107436539
0.02189040981299368
0.008533144367514444
0.0022656035404912326
0.06784352181541613
0.012297471239401364
0.024846913531009842
0.012804369037437166
0.011419044364944397
0.011998123337220733
0.007942085289530757
0.025412311729141802
0.015442147855807244
0.005007040322501709
0.021896120406378606
0.01138324755212127
0.003065350796360534
0.006497056835075199
0.007466743988224975
0.017425722557060756
0.0
0.007200367943649835
0.01928335468126269
0.013676834143103162
0.019642428598942413
0.018734670384287506
0.0078364231830953
0.018593667559912857
0.020110348506985475
0.032650021317163595
0.020422530448083183
0.016939250000276126
0.03731389991252979
0.010105057529633166
0.016898606646671123
0.008304015541033256
0.007830663052668269
0.0030781514520742447
0.0076812230342218945
0.03028552387407881
0.030221494334729405
0.0
0.007430759035441025
0.002323988082317935
0.016437260133307072
0.01838772014740172
0.015999552299690068
0.01891579191288518
0.017807789461879366
0.006124582425862784
0.01390766138234078
0.01857202909943645
0.009587925607673242
0.009023252957366678
0.023085846018301364
0.016338898808273307
0.005347022939222455
0.036379682522373086
0.016632342797343477
0.03727716370135037
0.02217292015768877
0.008806561329988135
0.019989316677107145
0.005136328067423558
0.026657643665228836
0.012101240170379982
0.019762998950286208
0.016374054878231632
0.025375682910134735
0.009657880105210613
0.018460258696807022
0.002904971877062402
0.0027591034718268013
0.010716804887385823
0.003401900797058732
0.020160170663256
0.0
0.0
0.006201608229283211
0.0050987120294069144
0.007234174955636633
0.007731619526495884
0.0027319493838249623
0.017573315754596593
0.016246357270060352
0.023069934104680886
0.005977829113721441
0.010838452430770956
0.013864891677676247
0.01519155973428577
0.010118347145756991
0.01697894666345385
0.008038886539625499
0.016160044783638427
0.006205243646595216
0.012867936169063527
0.008847524819339338
0.012954759331572214
0.009486392280162303
0.014883634306389348
0.016094220225134657
0.02485281472440189
0.03768036726522824
0.005139974434653125
0.012076474087909055
0.007306982175515521
0.013767047527123724
0.007574184418382994
0.04015012558471515
0.014130542125222162
0.015272766518375605
0.0
0.02162482151064756
0.010880237085975996
0.012783450765574588
0.0137690072603897
0.054646790870059504
0.01617840216334082
0.01567832911438643
0.022180668335376432
0.020089952636530076
0.007316664908946974
0.011309737620476979
0.037563524720197375
0.017875835829070916
0.017255366056071905
0.01567689124104329
0.016847542035504787
0.01793007710639628
0.01923953213877648
0.02217992047866373
0.016910921030664633
0.0033017447968374906
0.020292196029985807
0.01388076747083974
0.04254335503702015
0.017245908330568813
0.0031125386733639785
0.010638303996553095
0.0082806956791173
0.009310880756831688
0.01301440249981021
0.016460079445474958
0.0024154381980444513
0.018351004750057194
0.023323489537791446
0.0058063935778337895
0.018718905022837934
0.018447471195117592
0.00781046851334404
0.012890484477751143
0.0033043827014744933
0.009627439520898935
0.015547686858843742
0.007537990011555433
0.0038296953238941313
0.014356750720303091
0.02862785335678552
0.014614515293565816
0.005783830103760294
0.00953850260444708
0.020879417055276038
0.014374898401236857
0.023825466185933973
0.0068030889753206035
0.006117417953621962
0.03280290096998824
0.012270569068070124
0.008511623912495634
0.01786497224440372
0.014548675207589245
0.01618181434793995
0.005927441681344978
0.009614311511569256
0.018276007363024246
0.022000344381584137
0.029183342783450646
0.018716057397113958
0.0029777973839736445
0.009348432787484736
0.02715144104257907
0.010753291108868527
0.026574122658381504
0.015731621378625715
0.027720103151752794
0.005418764148297556
0.013159427448879973
0.020474998345311034
0.01793125916776282
0.023159922189691606
0.013433556047827543
0.007960832756938508
0.01794075449995509
0.016278411065955893
0.0033017447968374906
0.008247590103115123
0.010589206535148051
0.0251805453955397
0.016823345320143363
0.011589627678663283
0.0
0.027087792004811918
0.01492949953464793
0.006287195938654548
0.023576268511084086
0.04284472100207194
0.03964908981694663
0.0028301454036340264
0.015331835130598766
0.02245279043371544
0.007610956597580806
0.0023192748024943
0.019883900802666325
0.0
0.004750921590891103
0.012994204316095919
0.018810418445648534
0.027904761463236977
0.021941380632001257
0.030079364719421624
0.011655207004370323
0.007428969493873697
0.022965646966865205
0.005684451513273188
0.005520430316987427
0.00949684873928277
0.018289248844694274
0.005496421140063118
0.00844728974986496
0.00895462201576185
0.0
0.023577623262556063
0.038054629687361244
0.017590729997238753
0.018092931998946495
0.016173137572812548
0.018953712226831808
0.018971422436130113
0.004355016327050355
0.045487765195914576
0.009609067519403793
0.007673086395246062
0.009138211774378822
0.0022656035404912326
0.0018288857729014789
0.0191920724909251
0.012045191617822599
0.014062395694445572
0.030397700387530213
0.00908800761561357
0.010287382903904246
0.011972558167163815
0.007530084674950576
0.008301832788943383
0.0076685057627240314
0.030156398423853863
0.0023192748024943
0.014628832288671897
0.005175529887748221
0.04542171297436797
0.02212066953582903
0.016170131931888956
0.007832328083840576
0.0033362855675442018
0.01672874733984129
0.017700637114439012
0.02974588456216084
0.03914543133730581
0.007638848345272906
0.006720592769619445
0.0038626854581522733
0.016620538752051682
0.005245810329732979
0.05144952514031608
0.015343317813995496
0.03414492554892289
0.013751451169468234
0.004844024029517317
0.0038296953238941313
0.007714702484709264
0.007201145141341581
0.017122192645315122
0.010773984569264658
0.002333692867610319
0.01770036892108959
0.00967782199666159
0.025670112153771418
0.024264421140716176
0.0032191680913326386
0.012761448365031675
0.022482501585228208
0.00795863958494151
0.008893571168453785
0.011596236208398444
0.018381462212630404
0.016368984687919242
0.01179053475858488
0.005455413086607233
0.0067446112676404725
0.013961431872215126
0.01687545306875477
0.0047639524538270065
0.01734110288631187
0.006992054889907226
0.003565178510579242
0.017402578002230638
0.006767657335214676
0.01667530315127066
0.029097383061870825
0.011505597858618613
0.012600715450243966
0.03799454138285381
0.00892829726534021
0.02728481097154134
0.012360874669859634
0.023233228477817593
0.002650222634272997
0.008196046823392726
0.004559986106841243
0.01300712830580995
0.003565178510579242
0.019195908671477774
0.03991573254794846
0.008375600422948127
0.00806067967991222
0.007716982629430366
0.00459921878859871
0.00622437536052859
0.008167934770925502
0.016021997761302427
0.013974221255181699
0.027748573706101665
0.029771646141377294
0.018356205222550794
0.002379162132007566
0.002493432191371233
0.016396496489820712
0.011370433677970049
0.0048111357611014425
0.01661918911912926
0.023763249082817184
0.0196136110468035
0.01452531109514341
0.0019883318344148956
0.013028014863096949
0.009851738965076922
0.0018288857729014789
0.011815606736225193
0.014131805377880427
0.011019226865316754
0.016680665069113913
0.010512905483325254
0.02519040411425199
0.002904971877062402
0.022094205858276563
0.0018288857729014789
0.008706228118585072
0.015335275250233146
0.006851706678878138
0.058427026645653815
0.040948378685335386
0.010140123299811319
0.005975744232277507
0.005830044738125213
0.015860741872847507
0.02368284782091542
0.011880025058520668
0.0019883815017139313
0.01634522729409426
0.008319851084555746
0.025338903942347966
0.008388896789418829
0.04102214728438236
0.012899535730693454
0.027517301458051972
0.01343561055141001
0.0036034535990270436
0.002904971877062402
0.01238502235910945
0.012446987456326086
0.008233899212110119
0.011294661493813052
0.03391980795791398
0.009787778830706095
0.016352178306535382
0.011170772842396568
0.022644914915123084
0.0152134904490591
0.0342933067216718
0.010767841342216809
0.01800986882940587
0.022122652795330777
0.001828995113679321
0.008753438138728427
0.015980980208819363
0.012052545790118916
0.005335581658363872
0.018786173466973193
0.013134216536416493
0.011895401024078567
0.011931432010209832
0.0026537008053374696
0.021765705913737613
0.008556370942096167
0.006369733497835027
0.042771729023807145
0.0
0.028430918233308917
0.012736112840255465
0.029644120605310197
0.018104996546870054
0.014334000711433583
0.016568103117127492
0.00529168551528759
0.0022726102947535514
0.003065350796360534
0.00956356844287076
0.022049427034142876
0.022667932629852658
0.02140789259797071
0.02398117277444694
0.011289122699448859
0.011782871581907446
0.00986446959179975
0.02105103952312553
0.011335576861998384
0.01144036263952074
0.03047710952408437
0.020527661450444698
0.011255657860014957
0.01257735330555213
0.0023192748024943
0.019703725935786547
0.02037133850895919
0.003565915860007666
0.0
0.005692027803782053
0.011718348209338916
0.010477211249304053
0.016467451458108445
0.03327499278800794
0.010697414900617177
0.03229914124899788
0.0033362855675442018
0.015555043787283332
0.013502494920576485
0.00993491200841427
0.016628753706806932
0.010731509357260745
0.01583098934690045
0.016316976836676524
0.03485312251170842
0.010189076645495117
0.007578263697865612
0.015248362701565335
0.023922453427530084
0.01646263798037112
0.014549854558597749
0.01819722706423279
0.02713212821209344
0.022932916031734092
0.020506106934369845
0.017527873590884552
0.0027871678168375725
0.006674845653531406
0.012901767214459464
0.013344143573885867
0.0381771981369957
0.009969280650018031
0.009742833382301728
0.004144349220974919
0.01338632741263005
0.017277059934061957
0.017800688817032152
0.009256372530047357
0.0032191680913326386
0.019359216309796694
0.012048681399882185
0.002600642601664315
0.02434234849864416
0.04354201532564251
0.01773317495528543
0.016400680727669086
0.02874067320739443
0.010923893653813643
0.025429059182213005
0.01609690444242845
0.0050314094340435465
0.024233144050743165
0.009792442404539307
0.020086617746543252
0.006034364429191008
0.013860664605312786
0.012245113252149544
0.0018288857729014789
0.014333428001333493
0.010466497055205082
0.015908706259718877
0.017181219947645605
0.02066211107020862
0.03955426322764738
0.011119081520328852
0.017291669225496038
0.05170655151129286
0.03293429042032388
0.009429868240610168
0.0189776910612434
0.011612375216745248
0.010835628475567747
0.01758413531370629
0.005751714618052759
0.03132560491818498
0.010561535696279677
0.003065350796360534
0.004886999456869696
0.016931591800882984
0.02003813121155864
0.026978426929426674
0.0233220062369639
0.004256429904581317
0.019059618953914913
0.0167372929595438
0.011845381619450044
0.023474050967060706
0.0
0.02924996370274332
0.025908449274550015
0.011211451772955013
0.002493432191371233
0.01561110845575403
0.011378360105461784
0.0
0.03900192499531509
0.011000005720071891
0.005553463554518581
0.00956582204922941
0.011368533535509132
0.015013255094428907
0.013156281170323919
0.025035212910836695
0.017123592156175472
0.0050241169941369415
0.015914646314620112
0.00952410042379249
0.02861515472863188
0.012775262256868971
0.0
0.01287140973621515
0.010376394927770122
0.010063157321604944
0.03192018819912587
0.013302955212366652
0.002859868055780925
0.009114621899036262
0.011300867154120889
0.00878586799240132
0.0021786279430186695
0.011510932681012248
0.020690683450117105
0.022568645909119434
0.034133283691038754
0.0
0.02218968848837185
0.00786110398805177
0.025071837442805174
0.010361935730238806
0.009869741639106689
0.0033043827014744933
0.0
0.028866755493679435
0.016508838557689275
0.0054176135520571074
0.023755755966903953
0.02085748363697466
0.019197827135853586
0.010126866499738207
0.005400476221367979
0.011737608657764447
0.005207348602074101
0.018266745998123026
0.02011075559257707
0.02046270043503601
0.01696830664958761
0.016906001013251785
0.00854422092041642
0.006158542538459583
0.0038296953238941313
0.018385116680788783
0.06331299524162981
0.009414472388596792
0.02811559148362967
0.01068009262628492
0.005715438552015874
0.0433956840656306
0.005031528664014216
0.02561464142726503
0.004866140886500997
0.039920979219812046
0.010704606798284408
0.022584763839384882
0.008486471203171229
0.00841506933606036
0.0038626854581522733
0.013270353650828898
0.012761812463831785
0.00974657334234717
0.02486410220331741
0.015195253915865898
0.0091006263260591
0.004701996582086426
0.01030303660522433
0.012735023345900872
0.001953377211939972
0.010090612437823979
0.007086496303461839
0.01449242600273394
0.023807630554542776
0.009421800655096454
0.024335179514658054
0.010483142169252481
0.017022369932550414
0.006800874787884545
0.004686611816308434
0.017039477312468847
0.007265691780353187
0.016603499602893406
0.016855074044292186
0.00648975107145235
0.007003288217700456
0.022434994461118213
0.0063729146474815436
0.015609402974963032
0.006122642076171757
0.025848360972535567
0.004806081441134882
0.008327958508677038
0.01660728476578377
0.003401900797058732
0.015628779627744525
0.010608633066605302
0.01379193423260936
0.00480419801093033
0.002650222634272997
0.010040965426773815
0.013228567505732456
0.01366008912531613
0.028428515372144844
0.010004270548947428
0.01364303819042803
0.013720018951305629
0.016261604489627223
0.020355976317039788
0.0024154381980444513
0.010948162351235285
0.00558355205044405
0.011138805523916644
0.008177961319144625
0.0161020572777685
0.004734481657601389
0.012289335242827465
0.0034189053830009546
0.009541305410215735
0.04160189812889715
0.012321004992377833
0.0034189053830009546
0.025297520537445484
0.0023183169428381894
0.013869322576446946
0.010857124875177399
0.028966235111345755
0.005066383238846462
0.013027786041927211
0.025694868660019833
0.016528770032082953
0.02026452048401644
0.01515066548489687
0.014556579798741781
0.027790929816627136
0.006175946810982047
0.006120114745289824
0.0058063935778337895
0.05187843990590309
0.01467749713491186
0.011950113503480053
0.021285968062995524
0.0077450551236774344
0.02197427900173203
0.0024955043443055766
0.008196906548752539
0.002379162132007566
0.015093735405614456
0.011293342338517571
0.028585618912462585
0.011288125226158682
0.011237012885266818
0.0
0.004015463235503667
0.019613401824381038
0.011161898969664977
0.013014237748232094
0.04426331935875716
0.019342054596124297
0.008581183956281931
0.019397746770221474
0.017902475199789415
0.013858419384023745
0.018757865277244646
0.012033339971441959
0.008124554533124533
0.014001925489382274
0.010099170693253421
0.014037828282272114
0.030697049211167227
0.005518555722519214
0.0034135634877334245
0.0068179162247997225
0.006439906035566498
0.00864877665533969
0.025134853888101223
0.02929121906920366
0.03299969707424744
0.012278868490736757
0.013882654355180282
0.02289185163585139
0.006153683406212066
0.01607603056149524
0.016411920786525314
0.02509184494584158
0.004848149985158079
0.011762893491148969
0.01699009227204414
0.003402656295277908
0.011390713092714794
0.012125507715294172
0.022394693824771515
0.0018288857729014789
0.018483157794090155
0.007610372790475005
0.005271888767337715
0.00811715568187903
0.030776845565359756
0.028295591907868466
0.01371783367561524
0.009965666855798807
0.0
0.009994513877837044
0.005362267457686224
0.011956454943351891
0.00862399908608479
0.006900097807337406
0.009106428387180381
0.017228553635915786
0.011243366395878935
0.005912974406740433
0.009465243689328075
0.009502512328993951
0.013876972847768709
0.009405917201621473
0.0
0.0
0.004085625627127678
0.01411312334830458
0.002333692867610319
0.02769850584653886
0.017803591095592236
0.02910166607025937
0.0
0.07704663576132942
0.009609001846006247
0.006969336297561533
0.021091121172316103
0.004265872479214512
0.0
0.0
