0.19103204
0.1766728
0.19079277
0.18226756
0.18552119
0.18196325
0.17870751
0.16241267
0.17881355
0.17883326
0.17609848
0.08846179
0.15772963
0.15719225
0.122808196
0.080209896
0.13758646
0.13006902
0.16670215
0.13583934
0.15947442
0.07759976
0.09834711
0.16284677
0.1401539
0.11972493
0.124657795
0.18758008
0.13705562
0.10206899
0.13889223
0.15294379
0.17564626
0.1873362
0.08191675
0.15299293
0.062080555
0.14065883
0.11873168
0.12163401
0.1430654
0.10754992
0.19335505
0.10041983
0.072659776
0.15788454
0.15267232
0.10014595
0.10496328
0.1578919
0.09693595
0.15370971
0.13449824
0.01552262
0.17379566
0.10706979
0.16895993
0.13678166
0.17800756
0.17264903
0.18626317
0.1746341
0.12062879
0.15906996
0.1456269
0.049909607
0.11986964
0.14347014
0.030430682
0.11016135
0.10482014
0.024250967
0.16154665
0.1700105
0.10775179
0.031544648
0.037509717
0.05414222
0.14756761
0.11612214
0.17801313
0.11233677
0.05657804
0.15819997
0.06627487
0.11095736
0.058684308
0.17561936
0.09152959
0.09606046
0.07206561
0.1636719
0.09816708
0.17213082
0.04923351
0.059178066
0.091891706
0.12211332
0.10323865
0.07139604
0.16880824
0.123759165
0.14050798
0.055451117
0.07161077
0.046684362
0.15025721
0.1285974
0.040073164
0.080165565
0.055638697
0.14627999
0.24275051
0.1962569
0.23827589
0.12463032
0.069414005
0.1874392
0.15249163
0.1241158
0.12741132
0.06615199
0.14739686
0.1806114
0.05196408
0.08194803
0.17083512
0.24629813
0.13737604
0.06673708
0.102656625
0.18326986
0.27487195
0.08561051
0.14116123
0.10471019
0.0711799
0.046723343
0.07003681
0.065172374
0.03693621
0.14915442
0.1733644
0.06474829
0.25102216
0.040551387
0.24005786
0.056805953
0.2411727
0.13484208
0.071263
0.035780165
0.06826292
0.10288389
0.2307697
0.3155316
0.15534851
0.038959723
0.2406101
0.22933495
0.07285997
0.14722504
0.2525576
0.09580795
0.1950742
0.105090946
0.19319418
0.11176104
0.09913662
0.16041046
0.0984839
0.15281673
0.039699346
0.27605593
0.10519819
0.090309046
0.05798758
0.15008855
0.048331507
0.23715745
0.041063104
0.11909236
0.049260996
0.15193203
0.070371725
0.083564654
0.12987763
0.09418088
0.17328623
0.23518091
0.12288802
0.0784132
0.14560783
0.07658894
0.29921132
0.09523465
0.11970323
0.24965332
0.105263636
0.10971567
0.0898806
0.28080696
0.14059906
0.23174873
0.27789128
0.10779035
0.1097491
0.14711376
0.052332163
0.044095464
0.25892752
0.35596427
0.124476016
0.11031689
0.24251452
0.028794385
0.04859849
0.05924188
0.16265455
0.12716773
0.061179176
0.1026991
0.12155043
0.16527134
0.16149877
0.23296195
0.3305814
0.029065307
0.10026561
0.07600213
0.21209632
0.13998884
0.025527027
0.17922208
0.048616394
0.15607964
0.12635705
0.29050097
0.114314295
0.22830814
0.23070616
0.031913243
0.08384755
0.15556747
0.26071203
0.043972664
0.027352106
0.027717581
0.042898856
0.037298284
0.0873723
0.6550926
0.12248871
0.21533531
1.1612077
0.6829543
0.7003218
1.0695095
0.6463282
0.20249814
0.059426323
0.23900281
0.035636403
0.16039197
0.1645999
1.7239163
0.6281126
0.12674013
0.09879908
1.2163575
0.17018978
0.7064773
0.1943628
0.6814498
0.105106845
0.056328587
0.03105827
0.12339565
0.8249334
0.1725239
0.09803733
1.0489992
1.176272
0.20815784
0.17288104
0.32185733
0.04702761
0.33022672
0.09193194
0.14375988
0.21327704
0.25378877
0.15149617
0.8326338
0.077264115
0.14746553
0.05698264
1.0942564
0.7814065
0.6757541
0.069228485
0.03652457
0.30084875
0.094573975
0.3276124
0.17454123
0.14044839
0.30171067
0.07693939
0.16192456
0.7048477
0.05109696
0.051740985
0.32301217
0.053371347
0.34131575
0.23424537
0.24464914
0.19183794
0.09727891
0.12493663
0.035496086
1.1283219
0.1401338
0.8154769
0.045804933
0.12809381
1.1362804
0.7154185
0.07674849
0.10964221
0.07732883
0.15708637
0.1902808
1.0803086
0.26326895
0.61893326
0.13969333
2.752153
0.27989239
1.0997379
1.8386304
1.9981916
0.167302
2.009151
0.060797796
2.1308756
0.26046032
0.08268324
0.16039854
0.118484154
2.116615
0.15889668
0.17275062
0.109542444
1.6573309
0.07478541
0.16378409
1.8348424
0.14082927
0.20156854
1.949846
0.07990668
0.17121542
1.8705003
0.09897921
0.1454906
0.12384621
1.8944638
0.07758296
0.07482431
1.0791674
1.8662629
0.7097907
1.0931842
2.1154633
0.6280407
0.16562612
0.19066064
0.14888814
0.067455456
0.1973043
0.10389821
0.057403862
1.5526171
3.980967
1.1364129
0.04028077
0.09892242
0.2735526
1.01533
0.18290281
1.6399002
1.9204674
1.991574
3.958997
0.042122662
3.2743263
0.18875869
1.7896671
0.12054993
0.18717155
3.102272
0.2965417
0.61639744
5.3632536
0.1878416
2.450767
0.089664444
2.541832
0.0770511
1.7710834
1.8301499
0.112534314
0.063774385
4.9304085
1.0634283
0.110661805
0.07781976
0.082359344
0.06593806
0.14006008
0.15396035
2.5256257
0.32146764
0.26865375
0.22282669
0.25227988
3.1935585
0.088186145
0.21090531
0.065669894
0.13703695
0.05052372
0.10778247
1.0209366
1.1545775
0.69611645
0.17398277
0.7341889
0.100825295
1.0424175
3.0924182
2.7584524
0.8530152
0.20654723
0.16083312
1.9180617
0.18558043
0.043761328
0.09369275
0.2377775
3.2214084
0.24848273
3.040795
1.8033612
2.916726
0.24248654
5.70572
1.0662278
0.20116703
0.10438231
3.09063
0.97923964
0.19495073
6.2731466
3.603092
3.3008804
0.11395095
9.025726
0.15224653
1.5234916
0.22060332
0.34114325
0.2409518
1.886405
0.097406715
3.1262503
3.0381973
0.13375299
1.080653
3.164329
0.17849901
0.66176724
0.14837718
0.34567073
0.13632631
0.08499082
0.3858763
0.09398098
0.22165874
3.1187382
0.16189934
0.23488852
0.97257626
4.7693996
4.821167
0.05071886
2.2876184
3.1010818
3.0360699
3.0449219
6.07196
0.5805753
0.07588831
3.0977669
3.1820943
0.6270763
3.1254723
4.82249
3.0132456
2.9834814
0.1801693
9.054636
0.11756474
0.158079
0.06680225
6.830223
0.07869795
0.595842
11.992897
0.07370292
0.07216634
3.1986055
0.3276404
0.26405585
7.6306677
3.0515633
0.374604
1.6716704
3.2371392
0.11322962
0.9832777
0.09351503
6.017415
3.1459584
2.9696681
0.08507924
0.20323536
0.61247313
0.15778466
3.0433905
5.915429
2.9831698
3.1242075
2.0247812
5.868848
4.684397
0.19505334
0.08920345
0.15417972
0.18498032
0.08649416
0.08375515
3.9038336
3.1689544
0.26083517
0.1816136
0.10525866
3.1347003
0.13016409
3.009974
0.14630151
0.20380053
0.19351035
4.673039
0.17902471
3.189972
1.8575249
0.18400344
3.000543
0.32473767
0.60725534
0.15772332
0.2330167
6.9175653
0.18934855
1.0874144
0.14157817
0.07166269
0.09771472
0.70761937
0.218804
6.007928
3.0729642
0.21455866
3.0085745
0.31026867
3.029988
3.063294
0.08653534
0.31457064
3.1104178
0.9568466
0.18316785
3.9575925
0.08875634
0.12477074
0.06386052
8.9512205
0.22641349
0.1410023
4.665804
0.048474986
0.11615122
3.192813
3.1558695
3.8821135
4.7625694
0.32323793
6.029009
3.159369
0.15482771
2.962133
0.071517915
2.988455
2.9625778
0.13381407
3.0628784
3.0489697
6.213855
6.0015655
0.15479833
0.6944742
6.06832
8.856855
6.4049587
0.39161807
3.0873244
0.47435337
7.5345073
3.1520517
2.9709694
2.3080022
0.1985054
0.67955655
3.019275
0.19397688
0.24548703
5.9031577
3.0218105
6.013023
0.17543507
0.25638658
0.11461644
3.3351545
3.0140047
0.17587139
3.1605475
5.800492
3.0994976
0.1514602
3.0453768
0.14388594
5.9803314
0.28101397
0.107323326
3.4741523
2.9563587
1.973938
0.16235864
3.171105
3.099474
3.0417464
0.13923526
5.928876
5.9131813
5.9843836
0.10736608
0.75203717
2.9595575
0.19268
2.9730458
0.09302454
0.22129413
6.432159
3.030593
3.1460168
0.22497445
0.09107061
0.17927554
5.91008
3.0415277
0.08586626
1.0291528
0.114101104
1.7532357
0.13753262
4.802925
3.6020145
3.0315118
0.12847877
3.06463
0.6259623
3.1403506
2.9705741
2.9494855
5.9363694
3.0621257
2.9461184
3.8573098
3.017118
5.985275
8.837458
0.13079119
0.18833683
2.1291919
5.916301
5.7766495
6.9952397
8.813377
3.490579
2.801898
0.77747416
0.14801624
0.19091937
0.12298131
2.953892
3.8222928
1.7612642
0.12997076
0.09055017
8.687483
3.0645022
3.0620282
0.10650094
0.17803943
3.2083566
2.9951963
0.15528372
0.29233783
0.1353474
5.7682986
1.7846985
1.073322
1.8775531
8.857378
3.086927
1.0928315
2.9749374
0.09641029
0.10780943
3.4183908
0.35436141
2.9700246
0.60827625
0.12707484
3.4990742
2.9431918
5.92821
3.0297422
11.526798
5.9669404
3.0285568
3.0903645
0.20920326
2.9516912
2.9616375
5.9378476
5.9966965
5.951887
6.712981
3.474122
5.91794
5.9464836
2.9567575
0.16041261
2.9348187
0.22666843
0.22069898
4.7048225
5.837531
3.1796649
0.14781581
1.1674237
0.14019476
2.9517646
0.23320542
2.9830194
0.12244797
0.97963905
2.9258714
0.2949676
4.848484
0.6228076
3.2634492
1.7708206
8.7444725
5.808677
0.25976902
0.22741336
7.4245243
0.25210133
3.285984
3.0096035
0.15275683
2.912387
0.14428592
0.13784242
0.23000403
10.471158
3.94042
3.0231633
4.7672033
1.837856
2.9755895
0.11300946
3.5918202
2.9285994
3.1288168
3.1589313
0.09614709
2.9230204
0.20758697
2.4609437
8.575421
5.984092
2.9844065
0.12717041
3.0227823
2.9368262
3.0018365
0.6402695
0.1574961
2.9505253
2.9374642
3.5581284
2.2706704
1.0011182
0.32067612
2.9094396
3.097643
0.6690887
11.517475
2.997363
8.595842
0.112623125
1.8182652
0.11338551
0.18676633
4.6646976
2.9895763
3.0588489
0.13724154
3.92382
0.10892902
5.860032
5.806294
6.058706
3.0255203
0.27472728
0.15191013
1.9559357
0.9739228
3.1264396
9.276737
0.09568635
0.10604092
0.15821737
0.98062813
2.9927497
3.0530963
0.09997512
2.9793007
0.97908676
0.20799965
0.1352617
8.699196
3.0132594
1.7376617
2.8947055
3.2074606
5.847679
3.1371436
2.9325972
8.575836
0.2691
3.0216398
2.9487047
3.756803
0.2008446
3.0192447
3.629347
3.071885
5.944291
2.8860936
3.1160846
5.9755077
3.022038
3.0390906
0.11548535
0.17457229
0.27921855
0.30872232
3.0974255
2.9557714
2.9473314
0.11314669
2.921396
3.2157147
2.8866673
1.7800735
0.23516086
5.926005
5.8562136
4.7792745
5.9435935
2.2664256
0.13286632
2.9009821
3.7616057
0.1987138
0.13525394
3.1918619
5.7665453
5.823707
3.0594273
2.947753
2.9965563
3.0830615
4.639
0.16487306
3.0169756
0.15841877
3.1763709
8.743496
9.799156
3.0605202
3.021778
5.8136687
8.694805
5.752199
3.1729198
4.2961435
5.851016
7.4310513
3.0012536
2.979621
11.379385
2.9370608
0.31918007
2.972005
2.8970037
3.1080713
8.755965
5.9650536
5.9426403
3.060763
2.9867692
8.750906
5.7046967
0.2158274
0.18617085
2.952871
0.28909943
8.562435
5.7892337
0.9690992
11.544395
5.829961
0.15328947
0.20195878
5.821756
0.29753178
3.0509062
2.8854816
0.16299273
3.8537865
5.745591
3.4585054
6.484534
2.8946323
7.4247093
3.4182966
0.3189428
2.9874837
0.20029351
0.20741032
5.6903057
3.0309272
0.20749092
4.686734
2.9551158
0.67341185
0.17471486
0.3378433
3.3984432
2.9516187
3.4776578
3.0284429
0.18307376
2.9524539
0.17044438
0.14391254
4.6651683
0.21033053
2.9833179
3.0667605
3.161027
0.15364522
2.920498
5.855711
0.22688182
8.634011
5.6833725
0.3062625
2.928227
0.20900431
5.9381523
8.664444
2.958264
5.685129
5.780138
2.8916016
5.71721
11.368935
5.717494
0.15598725
4.657012
2.859552
4.513545
1.7966759
5.8046627
0.27967867
0.18229538
3.0019844
1.8762561
8.6485
0.38090247
2.9946856
3.008378
2.901973
0.3827207
3.7246933
0.18412635
3.0754313
0.12029622
0.30709928
5.70908
0.23363614
0.17077431
7.642459
0.10973966
5.8283873
2.9354107
2.9856882
8.982374
3.8676124
3.8942442
6.2203636
2.9909081
0.9599674
0.16203183
5.777034
5.6957946
2.89502
0.14810807
6.040351
8.563379
0.17871433
5.8061895
0.65819675
8.7227955
0.68845713
0.17265376
5.6485415
5.7130566
5.7049837
8.700062
5.687479
2.9784174
3.0868416
5.6195307
6.3522954
1.8822105
3.2204032
2.9081974
6.5178103
2.9453025
5.8891945
2.9947252
0.1528253
0.32471186
2.9973865
0.18704373
6.0889273
3.4264421
5.639326
0.22757646
8.785387
0.21652618
8.475942
5.7434354
3.0575747
0.18964773
2.9881735
2.95128
2.914744
6.043998
6.738228
5.688586
5.8181868
3.0434322
5.841034
0.20725884
0.19128089
0.18054423
4.2186832
2.9124346
1.8825922
3.0917048
0.19307378
7.3321123
5.7083607
5.971033
5.867511
0.20684767
5.8106494
0.16472346
2.9516475
4.019701
0.39354616
5.929997
3.4653153
2.9866822
4.520614
8.475066
5.8440228
0.3482818
5.6758914
1.8586419
1.1181905
8.439743
5.7877054
10.054907
3.0464349
3.1175585
11.311566
5.941087
8.512817
2.927861
0.34180617
2.9446177
6.013958
2.98341
1.9283159
0.21449403
6.5709114
2.9483433
3.095067
1.7891688
0.34218943
2.9607136
5.724743
1.0573955
0.18251106
0.20970368
8.876251
8.695086
3.0243697
2.9138513
4.7108636
2.94586
3.1662905
0.18006131
11.359818
3.0496535
5.7141595
8.77067
0.20330161
3.8862004
3.0465245
9.099924
6.536949
0.14331123
0.26037502
0.15989523
2.9464455
19.819849
4.3124466
2.9923391
3.0636306
0.163367
3.0780106
5.8630495
9.208918
2.9671574
2.9242415
4.4483023
2.9672005
1.0232403
9.291746
3.0053463
3.4853268
7.4340577
3.1470938
3.152368
5.664656
3.1320367
7.2853928
2.9689429
0.7582106
0.21869901
3.1054292
5.867485
6.525884
5.67142
2.9058614
8.372884
2.9470015
11.397154
7.210702
5.953891
0.4688663
7.5040655
3.3715231
1.0134659
2.9186742
5.604373
3.1222427
3.0535588
3.0078406
0.47635913
3.0085316
5.655569
5.579783
5.5969152
0.19973958
9.533884
0.33639085
6.409975
8.580637
5.595001
11.585114
0.23727828
0.15951651
3.0490775
2.9129345
5.6656756
8.63141
2.9312057
6.53044
4.653067
5.636001
2.9006753
3.1277628
3.527034
0.28373003
0.21889868
5.694145
0.18534431
2.8979352
0.1848577
2.920591
4.3645945
6.0304646
5.9513464
0.19118209
5.619254
5.7023187
5.7539206
2.9402657
5.6570644
8.592873
5.754349
7.371066
5.689184
8.42149
5.7891493
5.8524456
0.25590813
2.9494133
11.294685
2.982205
3.1257787
2.9546263
5.650881
0.23396653
2.9915075
8.726705
8.403228
0.19810833
8.329925
5.6228485
2.9765215
3.038121
5.6556635
14.265532
8.5589285
15.606018
2.9723
4.422785
2.8489375
5.6308565
3.101317
0.2848932
3.0577312
11.224756
5.756895
5.6859236
8.3852625
5.695961
2.9415903
0.23355529
0.24414685
0.28246105
3.0243278
8.473267
0.20616862
0.25621274
3.09357
2.9046361
5.814205
5.6145744
0.24639612
3.0753808
11.0512905
3.28379
0.3027945
0.37389797
0.21565273
5.8830347
0.22100428
3.0249968
0.20331271
5.667145
11.128283
5.738941
5.72746
0.16304079
0.25805998
8.328338
5.9779754
2.9364357
2.9021096
3.055613
0.32614785
0.19966397
0.24311401
3.058608
8.533691
8.745977
0.18505868
2.896237
5.640753
2.9552102
3.0781538
8.244032
5.9281883
0.21790895
8.717464
11.31622
3.0576658
6.0269785
0.21481743
2.8729603
0.19229035
8.275729
2.9748938
5.626796
5.872153
14.121965
8.4732
5.635579
0.33312607
8.632013
5.5814667
5.808547
0.18694994
5.744048
8.298112
3.089844
0.23578233
0.21874009
5.815401
16.9488
2.947892
0.23253053
2.8659744
5.5682187
0.1580362
2.8355165
5.6168547
5.8069887
5.7899466
2.814663
3.0049312
2.983079
5.7095203
2.8944414
3.0800242
0.22116867
5.8236794
0.24761865
3.07694
8.3678875
8.324117
0.25981164
8.477455
5.7734547
5.8096333
11.380596
5.8342476
3.0839152
2.8585944
2.985529
5.5390806
5.6290483
5.613577
0.29568845
8.44772
5.6573644
8.370916
5.6085663
14.303171
0.25486857
2.9739408
5.701169
0.28930414
8.631556
0.24322712
8.355392
0.286238
3.011408
2.9752457
2.8810844
5.5043974
8.437016
5.9427023
8.566286
3.0550838
5.87002
5.7430286
0.18041041
0.2047493
8.383286
2.8282943
2.9081397
0.19429141
3.052958
5.795327
3.0805335
5.805496
2.9857244
2.819673
8.321352
5.6178417
5.718381
3.207093
5.749009
5.98512
5.788687
8.4118595
8.50739
5.7115703
8.619411
8.6725025
3.0419278
0.24081644
5.9966063
0.21414559
0.2557382
5.692981
8.280397
0.23127562
5.6193967
8.23698
8.612062
5.800386
8.463948
3.1288142
3.1208148
5.4758425
3.074367
8.650316
5.801279
5.8305235
0.24346092
0.25508654
8.35006
5.704979
0.2354073
2.9799137
0.20633337
8.331867
0.21776214
3.0004044
3.004658
0.22914627
2.860334
0.20161083
0.2766376
2.926197
5.7197914
5.781316
2.9391236
2.8242748
5.699992
3.0152268
2.89908
5.8461666
8.356554
0.2612695
5.6217356
8.62973
5.6206675
5.692641
11.276258
8.372562
5.7194633
5.549203
2.91544
13.963558
11.251291
3.0355752
13.807315
5.600136
5.549642
8.528221
5.7685747
3.1360564
5.8657694
5.8539677
0.28968972
8.221865
8.709234
8.279621
11.223503
5.5528774
3.0793505
13.564858
5.6676006
0.2853188
2.9684763
0.24854167
3.1295187
2.9626584
8.550497
8.128916
8.419912
2.9750795
0.31738853
5.7527514
0.24610782
2.8489122
5.834477
3.0941114
3.1205523
0.31656605
3.0485055
5.8550234
8.575815
0.2716331
5.763168
5.635434
0.28636172
5.7402587
5.7426367
0.24173722
3.0552292
10.869581
11.368198
11.211451
5.7754655
0.28522325
14.2219925
5.813513
5.7836704
5.8976474
2.9338691
5.8667564
17.033884
8.535196
8.4686
8.299313
5.6932516
5.7935257
0.2943529
8.366461
3.1193447
2.9877002
11.014402
5.797555
8.470487
0.35335445
0.31983957
8.252457
2.911407
0.34098685
3.0002122
5.700844
0.29895228
5.999877
0.29257274
5.654301
8.297655
3.119398
8.704948
5.859938
3.057871
5.7585115
3.088201
5.717048
0.26492476
13.666838
8.288343
0.2628768
0.32544208
3.1204295
3.1044106
2.9080741
3.0484471
2.9327965
2.8259869
5.646123
8.5234995
0.24258117
3.0865855
8.443098
5.7599764
3.061633
2.8527703
8.2528
11.182295
0.2321924
13.90031
5.756046
5.5912914
3.1512809
5.7792587
10.991261
0.343118
5.617077
10.974812
5.7039165
8.393824
5.9048715
8.42281
11.10088
5.869542
2.9104533
8.514015
0.27644795
5.7494082
5.724456
3.0538478
3.0123906
0.2656424
0.3169061
5.6289606
11.074276
0.3487925
8.525277
5.821156
3.0309882
5.915572
5.6157136
5.822016
5.6255836
3.0026407
5.784427
2.9583297
5.4521637
11.171536
3.1189957
3.120913
8.313753
2.9518166
5.700793
0.34189177
11.14563
3.1289196
3.0020175
8.547321
3.0300744
2.867147
5.5555224
5.784256
8.3227215
5.7485046
8.671627
5.404534
5.8467665
5.792128
3.0056725
8.503428
2.8723555
0.27604967
5.881068
5.431955
8.395951
8.449598
0.26785183
8.385778
5.732237
11.218594
0.26354474
10.95313
3.2384634
3.0588007
3.2504325
2.9036107
8.4223995
0.2653314
5.758129
5.642741
3.0344343
0.29288173
8.3246975
0.32194066
8.704559
5.8393297
2.8850675
8.32579
2.8775501
5.6829805
5.6342163
8.487041
8.168204
11.088145
2.9323063
5.7084064
0.2734124
5.539139
3.106656
0.2526834
2.7498012
8.476654
5.867505
0.20500326
5.5834827
8.137192
3.248654
11.274885
2.8473694
11.12852
5.6592903
0.2836944
0.2779648
2.9711597
5.9681644
0.30147046
3.0110002
2.9280443
13.923603
8.180923
0.32701752
3.177618
5.5901594
3.0729346
8.509405
2.9403577
5.699811
8.74811
5.6904488
8.419648
5.6501775
5.6762657
8.387262
5.7032056
3.062892
0.3208171
0.24081504
5.715419
5.6900744
3.069036
3.0576546
3.112502
8.2795725
3.00885
11.296156
5.807187
6.026574
0.2770377
0.28844556
5.591841
5.4932556
5.7999754
0.27208427
5.7070603
3.0866308
8.191796
10.949648
10.922171
3.2356048
2.9384503
3.0211377
0.2569113
2.9124177
11.155008
0.36951613
5.8436604
5.5297613
0.23563379
8.25989
0.38958958
0.345742
2.9832883
0.21697342
0.32517222
6.020897
2.8694558
8.208272
3.012048
0.25024477
10.945259
0.28616804
2.9165473
5.843029
5.9141865
5.580896
0.26214984
5.852006
5.6073856
11.115701
5.880604
5.8289056
5.6000814
5.792386
0.2477802
2.8958836
5.689692
2.8515148
2.9086275
3.2225385
0.24821918
3.0730472
0.25819987
0.19826123
8.326668
2.8170395
2.9409194
8.469479
0.15952124
11.446241
0.22648005
5.824999
3.0283966
0.20238942
5.518179
0.32018125
2.9250836
8.208094
11.308949
0.16949096
2.8258839
3.0307298
0.25327393
5.658206
2.8585815
2.9753504
3.3645368
3.0945613
14.05061
0.23947068
3.0226707
5.651229
11.593758
5.7047777
11.119379
5.7835784
6.08097
10.979979
3.0198998
2.9235537
5.704421
2.854165
0.3211832
5.621002
8.399091
0.2643893
0.28450269
5.766711
5.621456
3.0161862
2.9787126
5.5876236
3.057573
2.9768512
5.575623
5.741391
0.26374525
2.9864445
0.28464586
3.1087613
5.6240416
3.3491936
2.9519124
5.576544
3.0403416
5.802301
0.31097817
2.9810104
0.29107797
3.3626494
5.7856646
0.22376007
0.27301192
6.0162544
5.8213816
0.21208712
5.904088
2.9621782
5.8603354
5.8127747
2.9382863
2.8927808
2.9850903
0.2894157
8.690405
8.645521
3.0698519
3.2309399
8.40501
2.97185
0.20580791
11.151463
3.0625167
0.2619253
8.388713
8.414419
2.9655485
8.214134
8.510148
11.7557335
0.1970295
8.445997
14.072427
5.982362
0.29087645
5.752054
11.034271
2.8736072
3.1951282
11.212582
5.8595457
5.784094
2.8797107
3.0831504
5.667964
2.963762
8.451384
5.7532754
0.34237236
3.263291
3.0206647
0.30042768
8.14627
0.29333758
0.26181298
8.714234
2.9557767
0.30864304
5.635417
5.850121
11.384867
3.0288758
2.9923708
3.0634108
2.981135
2.841834
5.713339
0.25457442
5.575547
11.532686
5.742937
5.7323747
2.9641006
8.915945
3.0003076
11.015455
6.078521
3.055925
5.854308
8.785845
10.78768
2.9534435
5.5701404
5.4896984
11.549135
2.970954
5.6243205
5.8830028
5.8377056
0.252078
5.915311
5.929409
8.269672
5.690395
2.9506016
10.946234
3.3612924
3.0928864
2.9868526
5.603034
11.131712
3.292459
0.4142334
5.4487877
2.8594675
0.30347443
5.3584414
0.30749822
2.8796875
3.1156192
0.36018196
0.314478
0.3653732
8.908059
5.5044355
5.765383
8.389996
0.23182842
5.511485
11.021269
3.1546097
0.30338866
0.24484847
5.716384
5.7608294
0.30172938
3.2025046
2.905688
3.0909534
8.395833
5.654112
0.24408013
5.55047
0.27325547
8.697245
0.33074695
8.716457
6.3844147
11.731819
14.051471
5.8548145
0.30948555
3.241236
6.100121
2.9511347
8.671852
8.491817
5.7476807
5.884699
0.26611856
2.9010193
2.994752
2.9729571
6.021676
5.67145
3.0640092
2.9637141
3.0072045
3.0159426
0.24318485
9.056644
5.5787773
5.68074
2.8388495
0.32680377
5.72167
11.427911
9.045395
5.6066904
10.972179
5.6800036
8.4517765
3.054399
8.664202
5.5766854
2.9948783
5.7908177
6.12296
2.8955808
8.373764
5.693573
6.0284815
5.700405
2.8578658
13.673693
3.0280144
3.0267391
3.234447
8.421435
5.62046
0.26405215
3.0319667
6.3318458
5.574116
5.8604956
13.854608
11.348347
3.1764598
3.2470894
2.918342
0.32572007
3.1630962
5.8013544
3.0625086
5.6484847
5.642252
5.759198
8.780941
0.27575
0.36038756
2.9700274
5.6281805
10.89875
0.3564903
5.6004663
3.071321
2.84431
0.27816856
0.32905456
0.24868745
6.0028496
8.653179
6.0833745
2.9567924
11.1391945
2.9279237
8.717571
0.26953194
11.464136
3.2205682
8.488815
3.1322355
8.324207
2.880844
0.2863345
11.0921955
0.3417676
2.9712057
5.618555
6.114858
3.3046317
0.276064
6.1202602
0.23461829
13.843322
14.329144
2.840267
11.145517
11.186024
3.0259216
5.839366
5.730133
5.6618967
6.3714895
5.837734
2.9119635
0.34204742
3.2679238
5.643966
8.836559
5.7398243
3.2664871
8.391749
2.9264858
2.9854262
2.9523304
3.153201
0.23738222
5.5170135
2.8900714
2.8606296
5.5484943
3.0689392
8.336239
5.734517
5.412341
8.474983
3.0645683
5.692954
5.7219324
5.8233314
3.0484204
8.402676
5.6644163
0.2748242
11.12932
11.371657
2.8646054
5.7162375
5.613002
2.929367
14.622664
8.413433
3.032707
2.8860252
0.27438015
0.26670197
6.11646
8.538192
2.7711654
9.062747
2.8434021
5.881487
3.3028276
3.059482
6.0789847
2.9709096
3.0887804
5.646866
3.0630524
5.7634635
6.367591
2.9895563
2.8805566
2.913794
3.1738014
0.28464067
2.9693604
11.012457
5.639339
3.0048313
5.683345
2.9870837
5.7427125
5.5793943
8.275797
8.521757
3.4160032
8.355347
5.7744575
0.24269359
6.1097884
6.358904
5.9298754
0.28138596
2.875977
0.29248884
5.569856
3.346192
5.948317
0.2930226
3.1901999
5.7234116
10.997487
10.9774685
0.25832513
2.935554
6.055483
2.8681762
3.0559444
3.058322
5.4854956
5.634273
0.32156035
2.9022498
5.938218
3.3102446
3.301511
13.947853
8.647553
2.8658087
2.9449422
5.683296
3.035329
11.088642
8.741456
2.8843431
3.3704748
8.482389
0.24820888
9.21958
6.0185223
8.381489
3.034803
2.852938
3.2238765
11.019115
8.992722
0.25564194
0.32973224
5.616774
5.6547556
3.092902
5.6263285
5.6808643
5.8085527
3.0713367
8.854248
6.051566
11.488815
5.6067924
5.4810824
8.259182
3.127538
2.9663696
11.071233
0.33222106
2.9212067
6.066027
5.8412013
0.26552933
0.27458766
11.647645
2.9773576
5.4590216
2.810707
8.409834
0.27772915
0.27706414
5.6401157
2.9333518
8.668432
3.0187118
2.9643795
2.9730194
5.578879
5.495118
5.6006618
5.821013
2.8956947
5.9829283
5.6167254
8.769571
5.744088
3.3565338
8.485189
8.638399
5.6863203
0.29435518
2.8841834
3.0212178
5.95076
2.9244976
0.26460582
3.083723
5.354876
0.29919654
0.27941886
0.35138828
11.469589
3.1208253
0.23776229
0.2067489
3.1392636
6.29165
0.24920583
2.9807491
3.2196252
3.047751
3.113586
5.9676933
6.2265625
9.113789
3.068701
0.21564999
5.6067815
8.747416
3.364237
6.1182375
8.473221
8.7607565
0.16642761
2.9599664
16.90877
5.864607
8.365148
0.23725566
3.2267714
8.898045
6.023795
0.27717304
0.2802258
6.1449738
5.809753
5.966382
0.21242918
14.231739
13.809616
0.23181278
5.9247484
8.828835
14.320488
5.680176
10.890185
0.356411
3.038764
0.24325055
8.776619
3.05514
5.7968
2.8087602
5.8800507
8.512482
2.784276
5.8668795
5.984001
0.31086898
10.871408
6.1937056
8.982351
2.9447885
5.5473776
2.8765683
10.949993
11.279711
5.941765
0.29558933
0.43928945
2.9890904
2.987571
8.985008
5.4792905
2.9966803
3.1655521
2.9012015
5.5052533
2.8957787
3.2265587
8.188278
3.1257534
0.2652467
2.982598
3.3439128
11.302615
3.0312824
2.9820528
8.434475
0.26593515
0.34629136
3.119477
3.2198439
0.20126578
0.3321622
9.269092
8.671566
3.1585574
5.5663643
2.9506223
0.2845443
2.910183
8.752752
13.932451
5.7872577
5.871668
2.8272777
5.9051805
5.80817
2.9559593
0.26386055
3.349863
6.086554
0.19594096
0.24468297
5.895054
2.9982743
6.258568
11.123099
0.28889087
5.892345
0.2168977
8.682756
11.242897
2.9438791
0.28770292
2.8044844
2.8715496
8.285545
8.860267
6.3991194
2.9803343
5.9189386
2.9340255
3.26802
5.67045
2.770748
5.7130833
3.166601
0.23964785
0.26943606
5.6455226
8.158106
2.9573538
10.876051
3.199405
11.748947
5.8953776
2.9510708
2.978198
5.760852
5.472534
3.1725056
5.971717
5.639879
0.20183325
3.035767
6.1059923
3.3132505
8.643997
5.5011497
2.989626
5.3774776
0.231154
3.3879123
0.27517283
8.693567
6.249274
8.531231
2.9473345
8.586278
6.3464165
8.648346
5.8237333
3.1138706
3.178245
8.717601
3.221476
3.0423498
8.462378
6.083296
11.702119
11.82292
3.0633326
0.2552896
8.859552
3.021389
3.2702622
0.31547672
9.157776
3.0161629
6.0007286
8.898504
11.699913
0.27435857
0.2575214
5.920023
0.34817368
5.577961
0.23395832
6.0517282
8.728769
5.9808717
2.9246817
3.1334267
6.0468597
6.0178785
8.336975
5.6965947
5.8545456
5.7686024
0.35889366
8.189562
2.9812083
8.084656
5.7894764
5.467787
5.938656
0.25740942
11.285825
8.49868
8.481165
5.8634443
5.547075
5.7916384
11.041569
5.675165
2.853679
3.0902162
6.0028896
3.020896
3.1675591
5.8227296
0.39042068
0.24935323
2.9228683
5.7093515
8.508564
3.0453722
5.804929
3.2405663
3.1327667
5.7497845
0.2394844
6.181288
5.9718943
0.27260894
5.542285
8.718157
0.41727298
5.6754303
11.429017
2.9005747
8.460213
5.630728
14.418484
5.6058044
3.0979266
0.2704976
5.6182857
5.6907063
5.8485055
3.2680397
0.32352403
0.253999
8.27387
5.6612725
8.774026
11.066069
3.0896406
3.0839112
3.0256715
5.7779455
0.30909002
8.671972
3.2941365
5.600849
5.722291
2.958561
0.33472672
5.8680754
6.0602846
5.289343
0.23978946
5.908106
5.963976
5.828402
0.27724388
2.9970632
8.259453
2.823021
0.28791407
8.564248
6.0110884
5.723694
3.344905
3.1285205
2.9157748
8.974649
5.797906
3.0402122
2.9712906
8.561764
3.11429
5.7615337
0.27287453
6.1461935
3.025323
9.012958
0.18596013
8.90458
0.26247907
5.714721
3.309826
11.158157
11.644391
5.8676167
5.932149
2.8605812
5.5528374
3.1151576
0.27047402
5.849277
2.9483702
2.984623
6.1087837
5.653792
8.489819
3.1792226
5.6622667
3.2466946
0.24393252
5.924809
5.59114
0.26076686
2.8240297
3.1065745
2.81107
0.28197566
2.9393005
5.686757
8.3170805
2.8778753
0.22550556
5.71575
3.3180516
2.9859676
3.2805638
14.332138
2.9858513
0.2271753
0.1951742
8.4314995
8.984396
5.746272
5.7632284
2.9782917
3.065054
3.051303
0.26164895
5.613304
0.2901919
0.22483407
3.0146809
3.0964913
0.19345629
3.216134
5.839692
0.18090117
14.421656
8.750956
8.54417
0.2604903
0.21237563
2.8082743
0.23863941
5.688616
8.237092
5.587029
2.907631
8.926605
3.22885
2.792142
0.17507374
3.035255
5.8676963
5.8448935
8.678382
3.061608
0.17397714
8.318218
5.9622765
0.24899846
3.0270543
5.711322
3.0097528
5.650899
0.22858158
8.524635
5.946988
5.750258
3.1317713
3.1280432
3.2689998
0.2700153
0.20866548
3.1548543
0.20847328
5.68118
0.20095247
3.146871
5.6463766
5.5821056
2.9383872
5.5895057
2.9304576
11.762447
11.06344
0.18291548
19.693283
0.16618899
3.053481
0.23629354
0.20312801
3.0624266
2.798919
5.831506
0.2440696
5.7859087
3.0628939
3.1406424
14.204577
0.22524591
5.936059
3.0853415
8.402785
2.7930562
6.316296
3.3045342
11.6191635
0.34691882
5.5710897
5.476465
3.037305
8.340585
5.998617
3.1889334
14.26288
8.48623
6.0431433
3.1210234
5.8718157
0.28955883
3.25813
2.891584
0.2262548
6.0328417
11.36521
0.2516807
0.2961688
2.9167151
0.2545882
5.6703377
0.28501195
5.5808377
8.792031
3.0217977
2.8940086
2.879176
2.9799738
2.7700658
0.19701341
5.5770035
5.56917
2.7517242
2.9970937
2.9946742
5.90095
3.2282467
3.0881429
3.0286088
2.7025933
5.8247414
3.0304725
8.265398
0.23676983
5.8306437
14.568091
2.8877056
3.1767983
2.9750185
8.786751
5.8606696
8.82546
11.97721
5.8010225
0.24010882
6.0470896
13.841054
14.342584
0.2005789
3.1686945
8.618698
0.31612796
0.21637845
3.287239
3.0865963
3.006093
5.8789277
2.9183803
5.8997126
3.108686
2.8642375
3.0790489
9.015934
11.3679285
5.896635
3.0932465
11.526959
2.794435
3.2064216
5.722436
5.9982605
8.812828
3.1831443
3.2001667
8.585634
5.7031183
3.0813289
5.811219
5.879987
11.472813
0.21722203
3.087853
0.23824656
3.1674688
5.8363905
2.946611
5.730451
11.313217
11.53134
8.481582
5.626233
8.783093
2.7838736
3.1466436
5.6604567
3.1070065
2.773871
5.7503247
8.59746
3.0445523
5.8663487
5.878646
5.7010427
3.0514932
3.2206159
2.9737816
2.968873
8.552926
3.0994825
3.224413
5.8460727
3.0212646
5.98179
3.240601
8.226128
5.83974
14.424004
8.825303
0.20898187
2.7705255
5.508438
2.9952269
8.392767
5.977189
5.7604246
3.0199213
8.727238
5.952052
3.209921
2.999731
8.845143
3.0973916
0.30774403
3.094904
5.9035926
3.1242795
0.21437366
3.1801693
2.9606414
5.5387335
11.346461
2.784682
0.23330942
3.1374946
2.7590685
0.23528787
2.9466786
11.395351
11.531723
11.510758
3.2239034
3.1411066
5.7973976
2.9117508
5.9027214
0.30531555
5.7340536
2.8537757
5.6190224
3.0824637
3.1022115
3.1351628
5.621621
3.050241
3.0196743
5.791241
6.03704
8.77943
0.21953961
5.996321
3.0643096
5.638799
9.02904
0.25753048
5.4964914
2.9762702
0.17681922
2.9400253
11.788624
5.395997
3.051217
8.39728
0.24653924
8.832035
11.784231
6.0534725
6.061866
3.172503
0.24217957
8.621388
5.7799816
6.183275
3.254992
8.614653
11.893706
11.731064
5.58125
5.8598814
5.9340525
2.981506
8.706209
3.1151452
2.986355
5.2492695
11.234001
8.717907
6.0407305
8.567831
3.1372995
11.810358
6.2271333
5.775556
10.918728
5.8011665
2.8100939
0.33009234
0.29914647
3.235244
5.764599
5.8979597
13.905493
8.287865
0.23232871
8.387185
2.9799464
8.201857
5.8819923
0.31942922
11.370502
5.874671
0.3986636
6.018816
8.287871
5.664074
0.36406487
0.38432068
0.34023488
3.3145328
5.569981
5.8099174
3.1030993
2.9009814
0.24446699
0.26756734
5.842804
2.8056245
3.0715764
3.0101929
5.8471136
11.396547
3.0344973
0.24573766
0.20258904
0.2808749
5.6230116
8.587494
8.807885
0.21842465
0.3147352
2.9210162
11.339499
5.7575684
2.7697306
0.203597
0.22460254
3.2081907
11.362046
11.357935
2.7833261
8.501005
8.311121
3.0812378
8.348831
5.7635007
0.24906652
5.3766007
5.849538
5.847636
3.005186
3.1545544
5.8649416
3.1715322
5.637705
2.9750152
2.7277665
3.0321746
8.371908
2.9891794
3.076754
5.6681805
0.17782345
11.524506
3.0213666
8.610308
8.52207
5.721807
5.8302116
5.5795565
5.7166224
8.583471
5.700603
5.9465876
8.446083
0.24476883
2.9615567
3.133554
11.182465
11.880022
2.9894238
8.635664
8.545297
0.23450565
3.0092404
8.328717
5.730487
0.30867702
3.016016
0.30088833
0.2823595
8.206891
5.6800566
8.389902
5.5591483
0.237547
3.0015132
8.8718195
2.9228568
5.805236
5.649049
3.1704097
6.065467
2.9092064
3.0160003
3.2048016
3.196975
5.6621866
8.625452
8.858929
2.9655757
8.780135
3.083356
0.20975125
8.495112
0.278882
8.180729
0.23110849
3.0759897
5.8021684
2.8434076
6.071644
8.764336
0.19770616
3.1342497
14.270976
8.791313
0.2760576
5.934767
5.8698545
5.6615973
2.823275
0.22730479
0.23032582
0.23552233
5.712185
3.0830164
10.931011
2.987364
5.8674417
8.255203
2.9128582
8.415239
3.0893135
5.6461935
5.9696736
3.0424962
0.18601924
5.572154
5.503484
5.634016
8.451567
5.543894
2.9653316
2.8345327
3.0146475
8.46879
5.6742983
8.303021
8.367693
8.775942
8.278406
8.774801
5.6126127
5.8824453
8.320303
2.7845154
8.424553
0.3161233
5.9221554
5.7347574
8.555503
3.0970316
8.576389
0.31137204
3.241037
3.2308087
5.389016
0.19944781
11.539618
2.8210034
5.5458164
13.839617
0.23682159
3.074368
0.2799428
5.948402
5.4822598
0.2885177
8.552412
8.3380785
0.31764817
8.523222
8.417591
5.581712
0.29632783
8.427927
8.714206
5.7656536
5.9710484
14.001146
2.9439092
2.9862657
0.35260695
8.433083
0.24222301
8.760687
8.268827
2.981752
3.0223503
3.2593951
5.584861
5.7112856
5.4080462
2.8293004
3.137117
2.7996593
5.8938465
5.380903
5.972274
8.401995
13.794773
5.6270447
8.669881
5.745002
2.7350352
5.977417
8.470173
8.520134
0.31489775
5.7822123
10.783096
2.996327
8.439327
0.38842604
5.452217
8.264006
5.610257
3.0514474
8.62789
6.077969
0.3427694
5.630303
2.9027867
5.6292863
3.1894183
8.408211
5.616518
10.718012
3.1005616
11.07197
5.861542
8.738427
2.862235
11.048971
3.13869
2.931891
5.740264
0.30926436
5.7485027
5.716727
8.26317
11.22177
0.27218395
5.8250303
5.7904396
11.133158
14.114699
0.32861906
3.0651107
3.2299027
2.9846878
11.342537
3.1712973
0.38131517
0.3136453
8.447267
11.594055
11.575645
11.040522
5.758446
5.9139433
11.0984745
5.802145
3.0800853
5.688783
8.479416
5.7537365
0.40035298
5.804404
5.5971127
3.0647473
0.35041866
2.9468946
2.8827915
0.3118692
0.36037922
5.6987906
13.752998
5.5395985
0.30557328
5.837976
3.0004184
8.260696
5.766273
2.9828339
8.084667
8.43992
5.6027617
3.1745172
0.24699333
0.3479581
2.8505745
5.71877
8.381483
5.7937737
2.7969227
2.9932218
5.7081733
5.5122795
2.8861318
0.28114092
3.0431051
0.2515907
2.9541771
0.30669236
5.6343794
5.6371098
2.8903441
14.219544
2.7344708
5.8289795
2.8280897
3.0346558
0.25911647
8.530939
8.579824
3.009685
8.701982
5.461693
0.24884863
5.8015614
5.7759876
2.937508
3.0786407
5.8606977
5.7481155
5.5649815
5.531281
5.5234785
0.24987015
5.792815
8.541012
5.73036
5.699106
5.7097216
5.5280123
2.96727
8.416179
5.8372316
5.941927
3.0744863
6.0326347
8.421764
8.619163
8.495908
14.191357
5.670052
5.4883976
3.1654987
8.15875
3.0518107
2.9719687
2.7228224
8.236768
10.963672
2.9551394
5.4788227
5.773827
8.200295
6.0660048
5.8527555
5.5622597
6.071956
3.0631893
5.756459
5.7923536
3.2082767
8.061283
10.666889
3.0115032
5.7124467
11.081081
0.35943973
0.4063599
5.8857346
5.6322384
2.94797
5.617339
11.067398
0.34193617
0.37194777
15.828518
2.802341
2.8409996
3.0780258
7.9209867
2.8417315
3.0608172
5.607702
8.374271
5.6146564
3.2707667
0.2718809
10.824059
11.270639
5.879614
0.4092533
0.39006102
5.9511223
5.701227
3.0024564
8.173729
8.253006
2.7631028
11.065739
8.628978
3.0335865
3.0949817
8.432987
3.1520984
13.8783455
2.9953322
3.2869525
3.0034041
5.9191175
5.87948
3.0356765
0.3844939
5.9198074
8.438935
5.7888627
2.979847
3.1104379
2.939574
3.050911
5.9530125
3.0201173
5.247967
10.957584
2.952983
5.5718355
0.36593485
3.202375
8.19671
8.392771
6.0688114
0.31218615
