0.18520730036044183
0.22438124382701444
0.1573181846532672
0.19561984095796286
0.1854531766854629
0.1844498854388157
0.19700486343183107
0.14721988747866926
0.22686847913610825
0.1740871066634869
0.17385473705593898
0.3663183389144346
0.25714638440429216
0.26718529938848284
0.3107815634510102
0.4148413500357495
0.4065255555218961
0.25988133044091194
0.3623207717339717
0.25883626812725796
0.2611757618892433
0.25630803068348723
0.43324994427871083
0.43836093884718175
0.43919540902960336
0.4377143643365052
0.42427454737846204
0.41761910594865237
0.43723338812739676
0.41881567194441494
0.43534485220946967
0.25574499002293055
0.2601382708851553
0.25729945412199373
0.36347638286826867
0.36344318264231107
0.25699790717748344
0.2598221122228594
0.3615424910219264
0.3640495945811422
0.2594342726942407
0.3665010100122347
0.3589820369763628
0.36293348428470174
0.2558340731571572
0.35916529280747594
0.3594829188839019
0.26273859535232374
0.36287794522552347
0.2574469094214897
