# PPO Training Results
# Time: 2025-07-23-18:12:09
# Episodes: 2000
# Best Score: -18.299925148825558
-24.31594956453582
-24.882778682659136
-24.168194535344448
-25.30074358752769
-25.547976128594183
-25.179176530893773
-24.838444943795693
-24.65689382487293
-25.00467059457072
-23.64103654620771
-25.634611267683447
-24.17026058174479
-21.790650446107954
-25.39426767428148
-24.327312146361983
-24.170385761825358
-24.239548577323976
-24.302742754089323
-26.018409490060222
-25.933947003759894
-24.867844465685717
-20.754599211159434
-24.999812919769365
-23.551758364858838
-25.87532243152525
-21.84368140397398
-25.95475735142904
-23.706272852886208
-24.660924789464755
-25.461486204693635
-22.923217692466828
-25.191865001671104
-25.543187777468166
-22.014398310372425
-23.56638510145469
-25.282773372745552
-25.093682037813643
-24.71545147248441
-24.810169307304847
-23.197373610532505
-23.551211505781605
-24.47217167371579
-22.83125032529329
-25.094846001471545
-23.380437261957166
-22.885660361688096
-23.465892032430695
-26.341097758513932
-24.02004373074051
-22.912258424354548
-25.967285216154426
-25.952409382849325
-25.024741713943072
-25.180120449228703
-24.392627101326042
-24.77649875544649
-23.73338407909764
-24.78577998695002
-23.39001458916977
-24.08561139641655
-22.78244772303154
-26.258152646439626
-23.318423794868494
-24.48142578229327
-25.19827831627088
-23.898046982003994
-24.11840936753478
-25.588342634828624
-25.27585513663291
-24.343868343609802
-24.635538233518897
-25.227541753517855
-22.976863576078994
-25.507848062103594
-22.49822712486166
-23.59190175145386
-24.61920010209532
-24.990339929599074
-23.82354133190637
-25.275296852438213
-24.194566772439593
-25.88562039250134
-24.996955021443476
-21.341442159622765
-24.33456519138765
-25.66368464187925
-20.368363494463065
-23.914381719595443
-24.62629955194145
-25.849085843332677
-24.7772621695029
-25.97050537271241
-24.709290554592457
-23.289190826531158
-25.952409382849325
-25.87288390951339
-24.467367780960654
-25.148550946535522
-23.41977820954637
-24.991967632619787
-22.626739068620527
-24.968100306015216
-21.99990643371723
-25.229732387121896
-24.303722978733425
-25.586495516080728
-25.613893972253205
-24.15013709878381
-23.2034666108104
-25.487181760171314
-23.756039029156188
-24.15058805779325
-22.677961122158283
-24.945146331838735
-24.73327765299535
-24.221183885387177
-24.508337483312477
-25.025740588715568
-25.237532991091474
-25.01910718854573
-23.112757967256634
-24.987893933712968
-25.192588785595753
-25.28250146659454
-25.24293126604437
-24.14718474614252
-23.465655855806684
-24.806856978992798
-23.48951297489155
-23.80658196276816
-26.341097758513932
-23.32349712623858
-22.31809664749662
-24.642004488674342
-24.44407568656496
-25.52994877281539
-25.959357834185056
-25.97457602960875
-25.450926354119883
-25.942096455928755
-25.53745390973488
-24.85684454921502
-25.949728343632696
-25.156565817651625
-25.870670892010114
-24.663509347456895
-25.180060783661062
-25.917969002098456
-24.67226374457962
-25.967285216154426
-24.645428861428517
-23.874077306394398
-25.235258664567258
-25.070264773314044
-23.907825898542573
-21.79210350511763
-22.76965215197037
-21.44994552459671
-24.777187245824365
-25.86678323155839
-24.08377621095609
-25.967285216154426
-23.61335058959559
-24.485011271555667
-23.141400164146447
-23.14100515913765
-21.188479622842696
-24.75719941594269
-23.260740122287704
-24.49455699298648
-25.05135029515355
-24.747659379904135
-24.29764948561811
-22.694530838999654
-25.010084956110266
-23.498505583055152
-25.32726468912075
-22.65951686360413
-23.290362846133164
-25.97457602960875
-24.451876078840797
-25.71372879925229
-25.530334522866198
-24.920595297425656
-24.829765594290322
-25.930067119922768
-25.874312175930452
-24.674012571777507
-25.093444796808356
-25.904486356301494
-25.9432381467673
-24.545812456206093
-24.962238771870986
-22.926178033796607
-25.577246038805292
-25.88030398217569
-24.997428489248197
-24.329125583402437
-22.88680092882392
-26.424042870588234
-25.209302354787983
-24.592479416770747
-22.483005064233737
-23.987459890267782
-23.05617820020375
-21.193687329550787
-25.456504654043197
-24.7379242991913
-24.909277274478075
-23.549379105567347
-24.77836633211356
-24.661659039822286
-22.91774646487282
-25.92524088107543
-22.542555683324338
-25.976956808990213
-25.19197285370364
-23.56844952512614
-23.591103678837797
-21.883866678365838
-25.354129082441027
-23.713591580034905
-24.682570740344325
-24.494858878272677
-23.757845111059424
-23.96858790387327
-24.72113030667653
-24.358993399043612
-25.55355671146783
-23.482254594855547
-25.935386277821777
-26.341097758513932
-22.780459212325955
-24.21803977477313
-23.965043679764722
-23.862044472740337
-25.380902531292772
-24.529763923202662
-22.716304378716014
-23.805970647412384
-25.97801920450229
-22.72813457718199
-25.379394272149703
-24.369548890800928
-24.54992612176509
-25.441546505955277
-24.290134726386803
-21.75083509470822
-25.842295769001126
-23.227305498964608
-25.493761320632778
-26.341097758513932
-25.163025509486047
-25.227285428438307
-24.68645750328253
-23.763752947502468
-22.57194933070244
-20.541826553040316
-22.756418240627806
-25.45011274156332
-25.605908565025118
-23.630380465665976
-23.01062314501918
-21.983552476774687
-24.76558695013343
-23.038101130557685
-23.664700562641368
-22.11454872381102
-23.47905074523384
-25.92524088107543
-26.018409490060222
-24.45276097736776
-25.617660598250637
-25.990853043393066
-24.42330532564629
-26.07379815546737
-24.22806503690832
-26.341097758513932
-24.134740292594106
-24.638614615804276
-25.496808583005222
-24.17583346512465
-23.839160101999596
-25.935386277821777
-23.439107981510624
-24.79002754383189
-25.170394356812537
-26.02504156800306
-25.928655934351134
-24.83171877072928
-25.122200335419567
-21.203109171587577
-25.97050537271241
-23.377723465075736
-25.13260077054421
-24.538852637930983
-24.82787123545125
-23.655792598121014
-23.618762408241285
-24.45837071068892
-25.46859116948585
-22.93716904645454
-24.17945971854599
-24.86436685963049
-23.45248646210029
-23.88461205877625
-24.16051452599823
-24.804266265588765
-23.832849098520878
-24.084258044483857
-22.808071623615945
-20.75701581469288
-23.71062366084042
-19.69033447756603
-21.923554376749376
-25.474681083962377
-24.253013138197947
-25.570626300406623
-25.212201352206264
-22.025434535183805
-25.05444078155941
-23.568931333963853
-24.691383500638103
-24.202097953969734
-22.038183746382728
-26.424042870588234
-25.19916846613031
-23.823728856000915
-23.05119588683936
-25.599584330964426
-25.020190155869543
-23.319123018243197
-24.33252702412517
-24.550550910349457
-25.132729988475635
-19.506836308915002
-23.77557849968957
-22.42079376578353
-25.13874432311749
-23.3437426994488
-24.050897116904252
-24.24841684028364
-23.247028118786265
-25.613893972253205
-24.760469398324965
-24.62983114019855
-24.079944733708967
-24.88261230583021
-24.063914602962132
-25.037211680314336
-25.077127482791667
-25.507933208526268
-25.073727236193264
-26.01134928444012
-25.59857351073204
-25.636311829837084
-24.491407754598008
-24.962388243908126
-25.397260838344273
-24.722545292974477
-22.316609622384277
-24.999041262486337
-25.90925040716802
-24.239926627440347
-25.06510937681327
-24.97762641776497
-25.933947003759894
-25.098888937345084
-24.299767376978025
-24.401120762593578
-23.54047277561546
-25.981285628952303
-23.8160227013677
-24.240809001217784
-24.32904115512205
-24.15522980614862
-26.01051745566504
-24.856112313026863
-25.17409998278655
-22.31535202086882
-23.898623077405755
-26.043477273326104
-24.40801397365982
-24.306024722417362
-23.81766906565242
-24.393766547474414
-25.15479368449988
-23.34476968655231
-25.07492691509836
-25.00594558965278
-24.29426843477446
-25.152007305527682
-25.943866809488462
-21.870893657553083
-25.073910956054057
-23.705939983556384
-25.978562872997593
-25.600311568562876
-26.005433367567328
-25.575295169339494
-26.341097758513932
-25.362577146119108
-24.356236239205433
-25.359982486359975
-24.65502328409584
-24.91193713712361
-26.424042870588234
-23.659379184685736
-24.57703496800855
-25.380199611453143
-24.574390840790073
-24.712324643964813
-25.681840339315773
-24.81990485673572
-25.988635366276352
-25.115954955252683
-24.427711495884534
-25.103523303481452
-24.575677781490544
-24.69567231103709
-25.43756700517581
-25.572401829097977
-26.341097758513932
-23.430636215343526
-23.89338114432318
-25.154367894790568
-25.0164460815875
-24.606052501344976
-25.55191339228727
-25.241384207451116
-24.770623290557857
-25.216723431837224
-24.058730965918343
-22.190364777944303
-25.855190248371944
-21.553998588919306
-23.479384100125912
-24.320422937591804
-25.96106809951987
-23.399111632770403
-21.12086185365515
-20.820796139629543
-25.058978817932807
-21.297704802552758
-24.763575948714816
-24.223449519008796
-24.719182383248977
-25.616459849015424
-24.68503155805542
-25.999768423884504
-24.24489892415681
-19.352487727690004
-25.433048078868612
-22.880555683056354
-23.719990151656635
-24.237020623933294
-24.88046116613453
-22.675449845979823
-24.661528200264264
-24.349177950863265
-22.29085763888455
-26.424042870588234
-25.974021294511935
-22.54747232334502
-23.05877046230967
-22.201336485584388
-21.86446228232845
-22.735526814571323
-21.92583891670028
-24.18576762862881
-23.329515222691775
-24.870722599171263
-23.340991622516967
-24.369403603727232
-25.680215979388485
-25.596730061866126
-25.044235169376933
-23.719010434554615
-25.41645170930098
-25.622441776425138
-21.770656152316022
-25.928655934351134
-23.492832765833008
-25.338497993902415
-24.46175704774859
-23.471657820913375
-24.636825124570876
-25.62028865008697
-24.08146249807308
-23.96691096123226
-26.341097758513932
-25.553547650267568
-24.11794079239964
-24.217354662449303
-23.422831733280916
-24.215922491115794
-26.042302946259362
-24.19216308422856
-19.558731282418954
-26.341097758513932
-23.726725801182234
-24.731015295154386
-23.897630173675523
-24.172122936547886
-25.928921874584745
-23.703738189187007
-24.213693244617623
-24.911444497336326
-23.415786738434797
-21.737479321689083
-23.44100641608292
-24.004932744478076
-25.572307832406768
-25.59086673676624
-24.560859231826527
-26.018409490060222
-23.994420754723524
-25.428320832291316
-24.841177224481076
-25.96106809951987
-25.13121043443203
-21.669839795956808
-25.325174505417515
-23.873737590973597
-22.022715405930246
-24.841138669899
-25.58051024538088
-25.097912867696092
-25.179682480124395
-25.91116783474724
-21.96412432700353
-25.067376882562808
-23.97036257876139
-24.6644282344927
-22.74266388242718
-26.424042870588234
-25.13581564735824
-22.14649479114891
-23.084138660465772
-25.647604969834553
-23.849996511285724
-25.113088487537773
-22.566433437031442
-23.76863659670903
-25.209615501061716
-25.09430901659482
-23.55397345763644
-24.583543182114234
-22.33906037891879
-25.04403759324896
-24.503489221117718
-20.812872853403565
-25.078660808565783
-26.341097758513932
-25.97457602960875
-21.317968543686472
-24.75513263435715
-25.11729842853057
-25.1464928838526
-22.313449539107403
-23.07657474177078
-24.71924267132401
-24.280753179445142
-23.00683566621369
-21.45366881224297
-25.155527643806735
-23.224679997326618
-25.124789202428406
-25.014386487157097
-25.463147768797082
-24.766709240333853
-23.735560653970737
-21.849578987835336
-25.483686964529042
-23.125552500300202
-26.341097758513932
-23.29702048244058
-25.052375931823793
-23.542867297262987
-23.878717277453777
-25.874312175930452
-24.099644828228392
-24.769849535196805
-23.973185709124223
-25.59335655767441
-25.074943023560575
-25.160404740426266
-23.825084046603525
-25.442177674722984
-25.473987680494446
-25.907321832943953
-24.920457614839076
-23.064490662497104
-25.980111349931924
-23.726507193545576
-24.741073804638326
-22.944908936934453
-24.62356338709706
-21.8704777216226
-22.009589810728457
-25.51363927095824
-25.018370328308947
-23.322416825818323
-25.550579483085926
-25.928655934351134
-25.067655081695982
-25.900438520831763
-25.88413482481553
-20.86311545441217
-23.406232628710615
-25.622838403965154
-24.068422377193567
-25.515849082262548
-25.448745813484976
-21.862916580260844
-26.006507036227745
-25.48663242232432
-25.556823135917845
-25.472233321749556
-18.766866908311094
-24.587822679674897
-24.6832100854504
-23.981056237849277
-24.397609537561898
-25.922744687178845
-24.517505377063884
-24.755820689349257
-23.33567922163192
-25.53690053980335
-25.149926148078464
-25.900438520831763
-25.555957883014155
-24.20313089122921
-25.91116783474724
-25.019199636293514
-24.233995065632712
-25.632148965919242
-22.881150996153554
-25.1613624967452
-25.781144950938522
-23.84786324216668
-23.144090932709286
-21.36928924096099
-25.530615148998677
-25.932691664839517
-24.406170274292162
-24.81670630328061
-25.52257877376909
-23.5892102668504
-23.960655925601337
-22.754156399137628
-23.298097820691332
-24.46129194736356
-23.26625599929101
-25.30396546271764
-23.71301957369383
-22.67727085425599
-25.616028461976345
-25.409668496833177
-25.1242191817805
-25.61531829424032
-23.666611926902352
-25.553242978600935
-25.501396267333433
-24.170266302742448
-24.60931225797925
-24.787042822023942
-25.237954641696025
-23.314496882983125
-21.834907600135704
-24.051523901257674
-25.172132639455135
-22.302954643906077
-24.165372552955724
-23.59326242259494
-25.356758054934616
-26.341097758513932
-25.958267543599554
-24.086956698085068
-23.879224577660302
-24.5214368042523
-23.54775498989872
-23.564373353003482
-25.149242121067594
-24.26119980377532
-22.286229128716798
-23.90493092485191
-22.960779762066387
-23.337374463759794
-24.65073413484505
-24.13679950786205
-25.41870104137566
-25.096046283908734
-23.56869824946751
-25.815921281887203
-23.56409762655225
-24.871974301532223
-23.355659558144435
-23.86758402654268
-25.105819852515367
-22.552337140520095
-24.280372223361532
-24.74797580633034
-23.216298467207714
-25.243430175657597
-26.341097758513932
-23.064410642231774
-22.664781601954843
-23.391235708667853
-25.789975019169226
-26.424042870588234
-23.345287142407585
-25.19526292596401
-22.858884851926547
-22.15521232067155
-25.597997288631365
-21.04055199439751
-24.456253522391037
-21.825596615106726
-25.855190248371944
-26.341097758513932
-25.952409382849325
-25.0577612287501
-23.39937115693288
-23.034505697688072
-26.087467681334218
-24.45220110060014
-24.7536586949384
-25.10843593607457
-25.974894776702875
-26.341097758513932
-25.690136313109523
-25.42573281622513
-25.467161421176417
-23.713050501028555
-24.624953855040573
-23.515621624247036
-24.61434773329175
-23.066722652163353
-24.85214838805964
-24.467876157335777
-22.625583328045188
-24.822936992898665
-22.967418963104638
-24.24696032430384
-25.494101793480333
-24.79907307301911
-23.948839028381357
-25.154773702218815
-25.486122661335834
-25.144991751992716
-25.60462068460275
-24.768629236493897
-25.03883008973481
-25.01156075283228
-24.626986110075013
-25.422709369689358
-23.779859404561318
-25.21743138901585
-24.868211571719115
-25.543567886560222
-26.0170306189008
-22.539588049199168
-22.18979073530204
-25.12813710744547
-25.874312175930452
-24.459071673495053
-24.254808443067027
-25.51998759008491
-26.02263899937969
-24.931507203914286
-24.419895535334167
-25.620865226375134
-25.4366081046002
-25.19005614030693
-24.88658158488126
-25.4673528656403
-25.05534168143562
-24.952682558309498
-25.987502341247595
-24.04948188964478
-25.118709566042433
-22.78427855196066
-24.262634449755673
-26.00517776772112
-23.054931165502556
-26.014867423544256
-24.58372706895347
-26.341097758513932
-25.046562950245637
-25.4366081046002
-24.27986845403571
-24.81059360131634
-25.417238491986765
-25.23937167219198
-24.29667035825717
-25.640219895574013
-23.552141674554328
-25.321950452947135
-24.56940590411939
-23.911197706869356
-25.517235711868015
-25.500018895738684
-21.704614588305038
-24.571925832134905
-24.667472628788627
-23.429855718048312
-25.967285216154426
-26.341097758513932
-24.67319241717705
-24.991248451308294
-22.41459053566002
-23.276489769540824
-24.450864715805846
-23.847972203486403
-23.510292978365417
-25.55371590767954
-21.7649650076705
-24.778353769773545
-24.61640028523882
-26.122363605221913
-21.908805176018898
-23.14798800187836
-18.299925148825558
-24.138919171966737
-24.721587422168216
-23.88856931488253
-24.9481234432199
-21.471487134976527
-24.410431144468788
-25.156770822180174
-25.34549441538339
-25.630828149079086
-25.534798226602366
-25.39845009005684
-24.620228466641343
-24.64701525359253
-23.283202779343675
-24.75299157057892
-26.15451620964196
-25.521297064156307
-22.223263448596573
-22.733549500376224
-26.341097758513932
-26.05990192106452
-25.24558820924536
-21.38451783631365
-24.18869274719009
-25.638101303719118
-23.54243860227893
-24.168775925353653
-24.670073867327453
-25.942096455928755
-25.73379502871948
-21.870558632541783
-23.19020764839467
-25.91031051658679
-24.680605887692618
-24.180408260919503
-24.503662403295184
-24.653111580031055
-24.38459913425372
-24.27780337440032
-23.344306592200667
-23.5062010316866
-23.299112962763683
-25.958267543599554
-25.495929968153845
-22.4040909610422
-24.23982995700479
-24.64240260240373
-25.511437184113532
-25.616257786522816
-26.341097758513932
-24.300240151174716
-23.7942330980992
-24.68765569998539
-22.996087256426314
-25.180745824282525
-25.48288980815812
-25.125260261477266
-22.44744886564824
-25.678471393509447
-23.307915457098655
-24.820740312233664
-25.447542135594638
-20.24706747731528
-25.053542246605005
-23.60333200254086
-25.541196698128793
-21.90929793879769
-23.805361070127656
-24.30590531102422
-25.97801920450229
-25.068692264623515
-25.22027649930547
-24.296008661549124
-25.499322845811836
-24.895084652251658
-24.528304704831285
-25.24969286441713
-25.74473494282569
-22.418262065849593
-24.58166750438597
-22.18010688976516
-25.65949220317884
-24.875432661476747
-24.786352383473364
-24.246618872039072
-24.839514852208392
-24.741470273923106
-24.770297878670295
-24.25807146423579
-24.8784337727962
-23.83473291113957
-24.911667042986874
-23.167318514633344
-25.390069687450517
-21.759516016312837
-24.981595934689842
-25.559311958159473
-24.427065245007455
-23.080383346849636
-21.06120291504
-24.990430008584397
-25.96106809951987
-24.871929046712545
-25.133343036772672
-23.870954566270097
-24.266068800998223
-25.533866688525098
-22.090862375198125
-25.40505158459466
-25.907321832943953
-25.707967226971814
-24.949383369262403
-23.20349013985944
-25.233211559354064
-24.31454824980935
-25.58879344087896
-24.149332588525393
-24.882581448185427
-25.900438520831763
-25.95217777731563
-25.14069763476284
-24.34671061668172
-22.208147916510104
-23.29851019381609
-26.341097758513932
-23.40909653443071
-23.9956379774527
-24.00429270341515
-23.461281344167226
-22.494983648840762
-26.02799281256244
-24.94334095377448
-23.71552394234854
-25.900438520831763
-25.14606288883247
-21.982596512350952
-25.517112405050625
-23.085430543782202
-26.341097758513932
-22.579695686306213
-23.82677845817803
-26.424042870588234
-25.200816368401192
-24.704141261734836
-25.165289371556053
-23.844334774174683
-22.711484469767008
-22.29391480741647
-23.63154417098525
-24.633929366619284
-25.987502341247595
-25.297183626507042
-25.91116783474724
-24.372292961024872
-23.595023191534448
-25.625631628423832
-23.29953619408888
-25.05028174292451
-25.850005485754842
-24.00905993038678
-25.922744687178845
-25.96850911252783
-24.42461874992635
-23.56780265005518
-25.600835510432688
-25.326611900702478
-25.907321832943953
-23.97159631428764
-25.13598862315799
-24.978528200920017
-23.865291214355548
-25.61270404787764
-24.246577251187432
-24.232826068842943
-24.580591512685142
-23.647890882328348
-21.977304509812548
-24.99389247177869
-24.52988762942025
-23.679021890336365
-20.238748910636144
-25.50956290842404
-24.81887354341164
-23.503674721457102
-23.940417261078927
-24.921236024945856
-24.65517779455431
-22.992269062577307
-25.849085843332677
-24.944150261343236
-25.101691330047007
-24.38229359182003
-25.91031051658679
-24.336115127466563
-24.49711390079293
-22.90473202890336
-24.80505851594379
-25.644307602154914
-24.498086071599825
-22.453480271017956
-22.938670179678194
-25.60769834628461
-23.980924536080458
-24.41125753695188
-24.769581240089494
-25.50359442800812
-25.517251001361892
-23.864698508710198
-24.636264456205204
-24.997644413930807
-24.43408615231969
-23.632193871372472
-24.24420124831212
-25.321013651641458
-25.040437431376276
-22.734051542592958
-24.710503409708778
-25.4939722544414
-25.63692239825263
-25.39949925835475
-24.449457430202358
-23.82297572665005
-25.501109567852534
-21.99264773599285
-25.34455805771053
-23.966691283016168
-25.264353619458504
-24.336564872481905
-25.449376721370186
-22.30018645072256
-23.19866783839738
-22.23364472327277
-24.99190482609434
-25.23604621005489
-23.179390630966346
-22.317289884400825
-22.555021782842466
-24.1549272411162
-24.41154051501428
-22.954162507654473
-24.89887091325874
-24.64679354284833
-22.69085582299794
-26.341097758513932
-24.553904579405017
-24.831180377672673
-24.79612143294657
-23.154813025535642
-23.710396093243247
-22.733657383629726
-23.85595276393383
-24.91635955631221
-23.12761778824051
-23.72092552343612
-24.534755182291207
-25.057540354473495
-22.451567734199948
-25.88562039250134
-24.74673038966841
-23.646998908443937
-25.777976585339857
-24.959883719061352
-25.446302493422486
-25.499898621080423
-23.235873331466596
-25.08138132439983
-24.61119307874882
-26.341097758513932
-24.99569508242718
-24.629221596237173
-25.73379502871948
-24.977972467376016
-24.943391131948125
-24.27852428379878
-26.341097758513932
-23.104679044876846
-22.80823056229918
-21.74350099591862
-25.907321832943953
-25.58473198669638
-25.62416429768425
-24.79055449149991
-22.261238052697742
-24.622364483962926
-25.633149145230554
-22.821441444546835
-24.5658120232885
-25.408536848941775
-24.730992295104084
-23.83546456921551
-24.529227005272624
-25.0417174886179
-22.274829294113438
-25.394364652341984
-24.69444729044769
-25.50315976183276
-22.661826379115993
-24.53026845754418
-22.325000342512737
-23.341359391156825
-22.817326682191702
-21.9641868169409
-24.341409039594545
-26.0704474533219
-24.660843126726228
-24.505885813297297
-25.525762522511023
-24.123076163697753
-23.591623831537582
-26.341097758513932
-25.15578093529674
-25.97801920450229
-24.034005005510334
-22.211256946951117
-22.272954731750566
-20.237169724380134
-23.798521266396275
-25.521711355788565
-23.2119922746848
-20.725061233132674
-25.13713758925023
-25.348086715397926
-21.80178638315032
-25.934085506826495
-24.1613235666986
-24.87586124254156
-23.64054455349948
-24.561018023004653
-20.922446665304207
-24.297194596649533
-24.65926321229551
-24.24322828142551
-22.410149336328963
-24.4037554678777
-23.8339895468292
-24.74748400504041
-24.210852067470782
-24.03212543619062
-22.12481369658054
-23.555925680665553
-24.85895034343523
-25.061097823894695
-25.230200940042426
-24.079346658768472
-24.53637195077324
-23.21107450628894
-22.355815027407296
-25.300681551173877
-21.857144408340446
-24.301919978654425
-25.466715801517473
-25.33070709657281
-24.302665978262464
-23.22087151400825
-25.632059502923653
-25.928655934351134
-23.295501582808996
-24.04412993905445
-25.191949388599262
-25.25937565899208
-24.92234694597637
-24.154882696862558
-21.920597056503773
-23.17189867582996
-24.614729353286535
-22.89178217672985
-20.54239422350291
-23.679386610987585
-24.011918746429572
-25.177994575994976
-21.908679540316236
-26.01186698665905
-25.643463984691444
-24.62898748982394
-23.387824386028772
-24.099364359357843
-24.279983437883956
-23.797783130107693
-24.065805052447967
-24.090732242631457
-25.55820843450881
-24.347902066853884
-26.424042870588234
-25.604243893656
-24.404955996974945
-22.979365526522518
-23.76747154808893
-25.539931644116848
-25.608705905149556
-23.727667241304395
-25.48123807830643
-24.779658745825067
-23.39361179569801
-24.091243257293932
-25.547976128594183
-23.27624636733979
-23.949852716255833
-25.184087362217497
-23.2858067014764
-24.835360373312177
-25.581015310742902
-25.941675597229956
-22.847874169440253
-23.21548878298998
-25.067531847732663
-25.988635366276352
-18.464316323803008
-24.611178499582163
-22.93614470930624
-24.38560406300966
-24.54864717017628
-24.491335456958904
-25.05435052182624
-22.706144690594634
-24.238823492152726
-25.578597151814943
-23.060765680490764
-24.56077572756246
-25.88984455793295
-25.396283763410334
-25.202363436661273
-23.664056967170836
-26.341097758513932
-25.227328640515154
-23.76883968109098
-24.373217521935818
-23.807806003631168
-23.512337809079
-25.316010542959006
-23.773368101083225
-23.18687830843517
-21.43587143935252
-23.221097458135766
-24.055367534525757
-22.533598029364672
-24.711375759869146
-23.889973854208446
-25.01406568593073
-25.394786244846962
-25.88829567859159
-25.337995098098016
-22.356144962481746
-21.88809073042513
-26.341097758513932
-25.281865584987855
-25.981285628952303
-23.95655362475355
-23.801493075122405
-23.920459867422394
-23.661863833570017
-24.02948318912587
-25.603222000690426
-24.413169097488073
-23.60978953250603
-24.854312656295598
-25.08743763781464
-23.069144389558716
-23.964661412783325
-25.452492752734212
-22.368029963196953
-24.0098220113861
-21.18817416864351
-22.934466484323693
-25.040530746070946
-23.37067246451868
-25.638101303719118
-22.721645720918694
-24.720827270401532
-23.627836222081612
-23.963017513875567
-23.034021685518557
-25.014423505576897
-23.790676340613196
-25.90925040716802
-25.928921874584745
-24.719472625718524
-25.930067119922768
-23.427471879028573
-26.341097758513932
-26.424042870588234
-25.512956766402247
-25.642898482050988
-25.224992354332894
-25.166537743879125
-26.014867423544256
-23.816141957863003
-24.13518616449865
-22.822152044086288
-25.540055429768444
-24.870419249768894
-24.26343509738057
-24.014736422947966
-24.874567307150116
-23.72013824068049
-25.29471781394418
-23.90620263327464
-25.426908039881695
-24.29993765510629
-25.106700742515955
-24.536606339822967
-24.950452667682068
-24.135806897765757
-24.151879954697673
-22.52398763218849
-20.662382604706337
-25.64488682079289
-24.474873926348927
-25.296842585038835
-24.67792807687559
-25.344875047521178
-20.364490919737644
-24.317748440573382
-24.09423383538698
-26.341097758513932
-23.156565351639777
-24.704924057197655
-24.55671051738835
-24.277076681903406
-18.75862658279252
-23.732846259025553
-23.964500856958384
-22.932622798875414
-23.436253468025427
-25.299407156913833
-24.736470020123377
-20.99318897725242
-23.546905964255064
-23.93675355790517
-24.043028145797958
-23.979097784233872
-23.6146243527704
-23.463132576276895
-23.495033303564696
-23.737371822407898
-25.945922178569738
-23.649351056100482
-24.257196765582588
-20.469446078742962
-23.862179558125284
-25.88413482481553
-24.740565519578443
-25.094587594140368
-24.976916289513625
-24.529389516466168
-24.104925869701784
-25.97050537271241
-23.566273286092436
-23.275716335335932
-25.481304992393728
-23.59201754577445
-23.638751295439754
-25.23243019327324
-24.383644966717736
-25.943866809488462
-24.93918309458752
-24.21823473936751
-25.430199682821616
-25.797358870101384
-24.28688665568024
-22.3152272406351
-24.09410288860883
-25.48258419789944
-25.027092430517918
-23.42020423092634
-24.36040917085301
-22.975853206240586
-25.27888994057134
-25.523165180140477
-21.645661769089987
-24.615657179086522
-25.07593296582452
-23.70487673761977
-24.177491953135767
-23.91201120833229
-25.547867101322975
-24.939291801507036
-23.648456368931974
-23.35973817313073
-22.32077365471435
-23.598404889253484
-25.983383632906065
-24.886781832426752
-22.336725775519298
-24.636155461611246
-22.73064294978262
-24.04224251221623
-22.266163298041132
-25.60392653793337
-24.508369132388324
-23.619965678406423
-23.610153334815596
-23.29835298004081
-24.401798548175115
-25.379035710630262
-24.013109211755687
-23.889623912703406
-25.862977066495436
-25.107595848996546
-24.816766505096947
-23.057633324784554
-24.067901455933473
-24.62286354813386
-26.341097758513932
-22.279689814351165
-24.047272523040995
-25.41790117922587
-22.837452171797324
-20.1934941090861
-21.821972038237508
-25.92032580083607
-24.327319300942673
-23.145989753025464
-25.25948050176394
-25.981855935810962
-23.61471903321518
-26.341097758513932
-25.688756877762767
-24.6110424261497
-23.50175367180821
-22.173285004579
-22.97257909114372
-23.5381661458294
-24.61117087671989
-25.443391165461104
-23.243802946279736
-25.496630397731597
-25.51067981944759
-24.785878390184884
-23.811957127892818
-25.51707547474378
-25.081696009119618
-24.93645432618844
-26.341097758513932
-22.68907499451098
-22.758146556496015
-23.817536007095907
-23.752766354153998
-23.905794800582992
-23.48615130690523
-23.481648030039608
-25.65084991664518
-20.277990219996642
-24.86424751002446
-25.175089407265485
-25.15447273303048
-26.071580478350658
-26.037702463503344
-23.380079195163727
-24.5662893366384
-24.31900985818538
-22.107868951638945
-25.002432964743832
-24.8541139804143
-24.574814166788315
-25.19412879804144
-25.18052662122845
-25.0952903576356
-21.74276203087828
-25.981855935810962
-24.17128349121311
-25.55763949889408
-21.481655914907158
-23.10463946368617
-23.983346022205627
-25.394584776075114
-25.93800656269403
-23.9087724680667
-23.473822010992876
-21.864358660409582
-21.03315026065922
-25.253196233609852
-25.37097209795068
-25.874312175930452
-23.84647210041767
-25.549705980939958
-20.679577818915917
-23.915182945496934
-21.726130310909753
-24.277998842514844
-25.67749148268899
-25.797358870101384
-25.163072770663746
-25.230725144482797
-23.786937746426965
-24.957634858165946
-25.980111349931924
-23.718679035932105
-25.09640662364281
-22.913429244580996
-22.536917595690447
-25.95217777731563
-24.39465576776858
-22.98141384622716
-25.22521876600684
-25.021274655515455
-24.696587726155297
-23.72389697906468
-23.957815684220837
-24.59479621845993
-25.602982561286243
-25.282475198312284
-24.33269884591567
-23.82720036378254
-25.608010783924584
-23.8494952497862
-25.579202944615353
-25.91031051658679
-23.92300187283434
-25.442464824584544
-23.93179320034639
-22.1804469132869
-24.621119309516004
-24.575973284223284
-20.85349904308743
-25.102703029201212
-22.243960262865755
-24.606712021622045
-22.810497166117564
-25.942096455928755
-25.03088747376865
-25.87288390951339
-24.375328206557207
-25.91031051658679
-23.7037022637092
-21.950963181987774
-25.002740186267538
-25.13049721796711
-25.33046284995246
-25.627658349654187
-25.50820194352156
-25.110253054414798
-24.00678219211817
-24.15761628769992
-22.26161709994401
-22.021160875748805
-23.716849333683502
-25.974894776702875
-25.96106809951987
-23.702966300633136
-24.728880159434862
-25.598240643329994
-23.85241115865265
-22.75823353904054
-23.566457591217063
-24.50498743533906
-26.018409490060222
-24.36671858232788
-24.834884265098015
-26.037702463503344
-24.67468944159181
-24.310899704988053
-24.686655319040245
-23.923878110747648
-24.75516832415298
-22.6555227651624
-25.90925040716802
-23.35562905234271
-26.037702463503344
-25.12579764330722
-24.00746134937811
-25.434316244384483
-20.543330404470446
-21.979978193289764
-24.78923291816709
-25.540307700423156
-25.557937339215584
-24.263036377367555
-23.075210144897337
-24.507931946827846
-26.101348592391343
-23.878633193099482
-25.096830879859013
-22.795329806302714
-25.1697066694079
-22.25803036431645
-24.38226455734871
-22.615352547928325
-24.6368412011308
-25.741789006736
-25.90925040716802
-24.525750995147693
-24.439329496693396
-25.100249966648242
-24.818423290266132
-21.594100063509387
-24.834815535643333
-24.201836386271125
-24.671808800701932
-22.959740442926666
-24.013194830160266
-21.621252467316054
-24.724891500753138
-23.68358667783109
-23.115444750212802
-26.120634345343532
-25.046948024509113
-23.844097518816593
-24.477484042618514
-25.538558442412608
-23.825868404672196
-24.343111337428155
-24.577771859862047
-24.741944473308152
-25.941675597229956
-23.153083817582843
-25.068497184859638
-25.409668496833177
-20.52508612689439
-26.424042870588234
-22.091391027680736
-24.4081210778893
-22.027213674999807
-23.600696590660586
-24.211899631804478
-23.860963669114362
-25.62652978003612
-25.987502341247595
-25.88984455793295
-25.106758938411105
-23.349777781787903
-23.12518427480141
-23.677129971823046
-22.791082914850747
-24.57216483473583
-24.423678964849454
-24.830423729902233
-23.31067426682445
-24.57065858487601
-24.560560684000805
-23.65054216112392
-23.462481451347912
-24.7332165281047
-24.49987638203991
-25.981855935810962
-23.798634663604883
-23.634908430176687
-25.993166409380255
-26.341097758513932
-25.49514325105399
-24.514431405004544
-24.748463455926416
-23.877734325764916
-21.505236416230037
-24.812012044083595
-21.713821832506255
-25.93800656269403
-24.299444667515825
-24.390822022973197
-24.978881254906035
-24.171861307726616
-24.963438087769916
-23.945458553298156
-24.208117154507264
-21.08137399924641
-24.87356054298453
-25.18915475955777
-24.258210535401616
-22.972571205024558
-24.19396131062535
-24.423093954569996
-23.57825642710575
-22.502403827013847
-22.933577227202544
-23.22374475645841
-23.980407897441935
-25.92524088107543
-25.374771316377135
-24.70517242752202
-24.649930095794435
-20.61591068800177
-24.813680631443443
-24.761911391414174
-25.678921814685303
-24.48697840792422
-23.675627053334054
-23.71063364194851
-24.89965730619688
-25.95217777731563
-23.448935999346464
-24.567318047866372
-25.94781043211139
-23.076088646851396
-21.875879431247576
-23.628876617368874
-24.20376473634853
-21.823282956929823
-24.938159587887014
-22.87031507106786
-24.00206465187932
-25.569851346283798
-23.091323775430634
-25.07880137166941
-23.51439676466281
-25.533214656596623
-24.27147989879133
-24.460265730510404
-26.037702463503344
-24.447841355820753
-24.91189573529285
-23.84963732953242
-24.016822873354336
-23.516819408222368
-22.509309541901764
-24.761315160892668
-23.772777248402466
-21.44977014295045
-21.874353344090434
-25.044034331576764
-23.882994338536253
-24.61284479848623
-24.712646476851234
-23.81168861444868
-25.567415283744353
-21.52094904723701
-24.985741083368822
-25.88984455793295
-25.589346343905053
-23.972418307511454
-23.525775570667506
-22.600192432022688
-23.19553188086676
-25.66564525973195
-23.47879478480544
-23.91471953785939
-24.587895930915444
-22.867190533344683
-26.341097758513932
-22.328506255830348
-22.65449036883982
-24.666886650104363
-25.96106809951987
-24.05849979808952
-24.966114259311894
-26.341097758513932
-22.282657227430455
-25.094840252018372
-25.512194732977886
-25.10648625204171
-24.729110076672633
-24.526891323499818
-24.50408610314211
-22.764479957378587
-23.86626254282998
-25.572755121895717
-23.92635497042738
-25.19421586341408
-22.408494536496253
-24.55483494097371
-26.341097758513932
-24.464295553929684
-24.769379503228915
-24.721130804375264
-21.919890353432454
-24.656628679775245
-25.9167293599263
-25.160817652835277
-24.73554334655247
-25.118182608958676
-25.995383660919163
-24.630649460229435
-23.363850247344413
-22.960825481492233
-22.87216876868853
-26.424042870588234
-23.016559023183763
-25.311893962211457
-22.835780946939288
-25.089101608713875
-25.065957619398407
-25.777976585339857
-26.424042870588234
-22.287287198433393
-23.860875800235654
-25.52891779103874
-23.06899082782094
-23.176019627582626
-23.374513286424094
-24.95739094407604
-25.52868480990589
-24.59682175547072
-25.554359849986685
-23.891564123987862
-23.0893407162206
-23.464808408557584
-23.807016343736155
-23.72805529767159
-25.068231154862683
-25.34961376189181
-25.797358870101384
-23.717657645382932
-21.147246311525574
-25.042121477019023
-22.04916345087468
-24.8141080392778
-25.571804687734815
-21.733492934904774
-25.65278203153165
-22.92478334110765
-25.5880944782683
-20.795481452726293
-24.72876712791759
-22.965264360822843
-25.073464508381207
-24.911528790818302
-25.874312175930452
-24.341741757189716
-24.47634406979376
-25.080860983306312
-22.778235616222805
-24.017779971865117
-25.08156600509121
-25.615507444405193
-24.77155997824328
-24.407112075654137
-26.02263899937969
-24.963799075950877
-25.403885309426638
-24.10624077120019
-22.647281932627198
-25.04298911904071
-23.07982247988173
-24.993490517518914
-23.96900704926564
-25.279157857251096
-25.609817495761604
-23.808804405150322
-25.463147768797082
-23.93613526152264
-23.656213868586924
-25.478091482499785
-25.247399534703664
-23.227997544467385
-25.41360093855115
-24.299224136662943
-25.605192965623242
-22.8944818857467
-25.595361671157605
-25.173589656489312
-24.012854033204828
-25.930067119922768
-23.973701681967384
-24.744155702102127
-24.272548155996674
-25.59558956621235
-25.942096455928755
-24.887421040035427
-24.346797880746383
-24.289952388836348
-23.66227808676223
-24.900228678813033
-24.281298279560907
-24.604163967363633
-23.900905626330943
-23.313586164954664
-25.97050537271241
-24.694968917481088
-25.587762954425006
-24.674207691732875
-25.114284749236774
-23.921091398296998
-25.611291542504866
-24.61363210967273
-25.849085843332677
-24.867505205490684
-20.500644710635445
-24.771954111505547
-25.849085843332677
-22.728964981907556
-26.06142640401531
-24.504243749963877
-24.949974792722198
-21.95144812606644
-25.48267440382834
-24.43959826828716
-22.831488595250637
-23.86508805080545
-23.811987452723166
-24.351240828072598
-24.260685946805943
-22.742935955507704
-25.598743092711192
-25.52255366058565
-25.481304992393728
-20.538083162134527
-24.32726387858347
-24.499736452750778
-23.443311321711935
-25.32419969218055
-22.882447939206664
-25.9605321612518
-25.1117071686912
-25.974894776702875
-24.03529043911409
-24.64771159413158
-22.484949311177385
-24.659060137123898
-24.746760257972152
-26.341097758513932
-25.691026474038978
-23.485537795055883
-24.751788081345595
-24.608618380861227
-21.447706582929197
-23.515992288486466
-24.978149786497163
-23.42978078858681
-23.77573248678967
-24.258103541103846
-23.75468412402819
-24.722062104696334
-25.122768360728426
-24.405253685424398
-24.799433090717088
-24.24510157413372
-21.916106898742928
-25.59185175745255
-25.928655934351134
-25.356265202807304
-25.31905932363022
-25.053825548668826
-22.89813815900402
-21.922300731388695
-23.31319239763428
-24.53304410791806
-24.582748900874595
-22.934503238337925
-25.437546740539755
-23.910318021443835
-23.95931629830318
-22.333470721687664
-25.594047129982158
-24.67642219494249
-24.048930411878807
-26.012920816712555
-24.727592117344912
-24.558592479227556
-23.315227227630388
-26.037702463503344
-23.86943925709022
-25.18441393606298
-25.546550489989787
-24.947576342974244
-21.48171019154114
-22.441097466658974
-24.204651562116265
-24.896236196681418
-26.341097758513932
-24.807136865988998
-25.531308070311383
-24.814064667437684
-25.223919195822607
-25.42843952745769
-25.077373410807194
-24.019491997961172
-24.666497345970967
-25.466672529475822
-25.03395675924732
-24.873650143175702
-24.666381475345702
-25.12557092122247
-26.341097758513932
-26.341097758513932
-25.682536824652477
-24.239196208269124
-25.980111349931924
-22.42865616841637
-23.874764496300603
-22.185216357194815
-26.424042870588234
-18.56683931558261
-24.857559574491887
-25.418061670140574
-23.38594268340984
-25.664217500438312
-26.341097758513932
-26.258152646439626
