0.24971466
0.22609386
0.2463803
0.24416564
0.24035847
0.16567536
0.23424703
0.17727083
0.21485543
0.16431653
0.22175135
0.21341601
0.23188102
0.19097751
0.18374279
0.22733834
0.22264263
0.12961741
0.1566706
0.21683225
0.09098598
0.1806976
0.23739319
0.17000473
0.16164725
0.16759662
0.15965861
0.16565157
0.118126
0.17195156
0.22787777
0.15833318
0.2034533
0.090498775
0.16677997
0.21108767
0.20554657
0.15591282
0.14879748
0.17073138
0.098976195
0.11375303
0.15206899
0.20068821
0.07985516
0.15120932
0.10665751
0.09281362
0.091897696
0.20118421
0.1561929
0.19941053
0.14495182
0.21298325
0.149048
0.15262333
0.19028082
0.074323475
0.11982238
0.16856265
0.12666407
0.054582976
0.10383399
0.13106193
0.09990437
0.15710576
0.06744051
0.14185008
0.08272208
0.16558951
0.13386437
0.11621754
0.11387177
0.12063458
0.099572
0.13596088
0.15632233
0.0697562
0.12945123
0.07182522
0.10367124
0.02861937
0.05239618
0.06720717
0.16525441
0.15616931
0.06221763
0.06243152
0.17492567
0.14422461
0.021587564
0.12944296
0.20376605
0.13156998
0.08135179
0.08033246
0.15152006
0.14003757
0.055651296
0.03214175
0.08090018
0.13911617
0.06960672
0.036237333
0.15830477
0.06782429
0.1495757
0.08607399
0.11278487
0.12099458
0.07591818
0.1097901
0.10271366
0.073809676
0.08189817
0.10722008
0.050825715
0.018932927
0.09726329
0.12439649
0.13406979
0.056256585
0.12362908
0.13904464
0.11756277
0.08666712
0.09186734
0.06728515
0.051563915
0.069010705
0.09176019
0.09596745
0.04922526
0.10071823
0.091613546
0.08149082
0.15928826
0.109905235
0.19648898
0.073370606
0.08044784
0.09336488
0.077173516
0.078176916
0.19630636
0.05443105
0.17347121
0.05610615
0.13615279
0.0477347
0.04109904
0.05144708
0.13622016
0.067360476
0.18573862
0.079180226
0.16166365
0.05707197
0.110872805
0.053942915
0.08032474
0.10596093
0.06689721
0.04540968
0.03809483
0.19472927
0.043355003
0.11829345
0.086312905
0.038312297
0.11006147
0.08969207
0.14224064
0.14130892
0.09789367
0.09779331
0.058610853
0.12116024
0.09105508
0.1025519
0.118015364
0.15659928
0.11128507
0.07811189
0.14268309
0.10580841
0.02896903
0.07552232
0.03445269
0.044280306
0.097404234
0.05249336
0.05330763
0.033566713
3.185185
3.1493702
3.10049
0.1311416
0.021889145
0.0907822
0.033375517
3.1103997
0.07934698
3.1148896
0.09976811
0.03606552
0.072426975
0.052490585
0.052265115
3.097704
0.049645163
0.01905448
0.050042354
0.03091726
0.029328464
0.047389343
0.13087364
0.039866988
3.068586
0.13546114
0.108818576
0.10284099
3.087564
0.13083187
0.07962234
0.033477236
0.1062268
0.11722032
0.05820895
3.0591316
3.1459658
0.06400348
3.0409846
0.06420332
3.0650883
3.0900102
0.1565533
0.09956908
0.03857144
3.066036
0.026406558
0.03336009
0.02499151
0.032777384
0.09743893
0.05674717
3.0347443
3.0505817
0.05861976
0.056910165
3.1494808
3.0378344
0.032352157
3.056231
3.106382
6.0375166
3.0313878
0.030911725
0.08825566
3.0414104
0.052421253
0.0581654
3.1169672
0.07626134
0.16102625
0.07603164
3.0656853
0.09474747
0.03601736
0.045060687
3.0430694
0.036215864
0.08587224
0.09993209
0.10857403
0.032564446
0.113023035
0.034620777
0.11300674
0.11493173
0.12669945
3.0855348
3.032696
3.0352209
0.16087551
0.04112771
0.033362024
3.0362315
3.0784893
0.04095428
0.06623989
0.10303643
0.03978191
0.09161255
0.039379317
0.08770921
0.06748325
3.1051404
3.0308223
3.0946891
3.0327663
3.0985332
3.1025186
0.03758976
6.101348
0.11811325
0.085314006
3.037138
3.0766978
3.0424848
3.0950832
3.0757027
0.036308512
3.095224
0.13748601
3.0571084
0.10655244
0.076832026
3.0285184
6.008006
3.0750275
3.0717804
6.104761
3.0243545
0.114185646
3.044907
3.0260398
3.02851
0.069107175
0.13290864
3.0657263
6.0040607
3.0108385
3.125116
3.0068293
3.035987
3.0766425
0.05650083
0.09595357
0.06672186
0.06776945
0.072895266
3.0683131
3.0199218
0.13276646
0.17015763
0.09093295
0.09311848
0.08205813
0.058314875
5.955659
0.049522433
0.111437246
3.005745
0.047166973
3.087004
3.0563903
3.1430478
5.9614983
0.117835574
6.0972266
0.11299591
3.1191647
6.04263
0.05467015
6.069621
0.071198985
0.10247113
0.04764674
0.10811913
3.0956922
0.063442335
3.0161166
3.1061568
3.1166058
0.11330369
0.06497499
0.04962206
3.02597
0.053930003
3.0455346
0.05775106
5.9792295
0.06356609
3.0642405
11.877892
0.10268463
6.0492153
3.0717373
6.04055
0.09451919
6.0168557
6.0242515
6.0591125
0.11165242
0.08358753
5.9528017
3.0010471
0.064934894
5.958665
3.0028615
3.0448008
5.92822
0.08120451
6.0386167
3.1143074
0.1187405
0.09106997
3.073652
3.0119755
3.023935
3.0009668
3.0092175
0.12367527
3.009677
0.11554333
0.12014146
3.0683286
2.9941597
3.0228682
0.0763654
5.929119
3.0797908
2.995688
3.067356
5.9827304
3.0874481
3.0815501
5.9978514
0.06882325
6.0109286
2.9890075
5.9140787
0.07566273
2.9946148
3.0032153
0.09907862
5.9934435
3.0714889
0.0793223
6.077809
5.9461575
3.021204
5.997275
0.08123451
3.0017385
8.868887
5.963037
8.943998
8.838274
5.9385166
3.0616405
0.10167853
0.12365313
5.9738607
0.0987144
5.945593
5.895814
8.873051
8.855739
5.9667215
3.0569406
5.893754
2.986287
3.0679526
3.0719242
3.1142075
2.9857273
5.853834
5.894411
3.0601563
5.9107137
0.17903334
5.9504027
0.15680403
5.9366026
5.9337378
5.9663515
3.0736892
8.794798
0.146959
3.0182214
3.008679
5.930134
0.14721078
0.1840352
3.0122998
0.18854383
3.0516582
0.14223516
3.0183215
3.0260851
11.710888
5.9737883
0.13281915
0.15533267
3.009184
5.993741
0.12126106
5.8984118
8.823573
2.9898272
0.13506642
0.16433874
3.0005069
3.0097222
5.85711
0.13266726
5.9422913
5.9672823
0.106424645
5.874732
0.13302062
0.1804866
8.8076
5.981113
3.0559907
8.865309
3.052143
3.017798
11.7381315
3.1159291
0.12278951
5.875042
5.873698
3.0725386
0.1272721
2.9753714
3.0650268
3.0505853
8.81374
0.13569924
2.9714093
2.997674
0.10618766
0.13136536
2.9834976
0.102475494
6.0147834
3.0055308
0.120293394
2.986825
0.09302795
0.12214857
5.9707665
2.9613254
3.033596
3.0405207
0.11135845
8.791218
5.960046
2.9814014
0.20056446
0.08551232
5.923381
3.06607
8.8208475
0.12707506
6.020108
5.928356
11.670538
3.08961
5.854701
5.9562216
3.0361857
5.990092
0.22080916
3.0227346
3.0362468
5.893983
5.853996
0.11259229
3.0562818
0.14657083
3.0913575
0.14379916
5.871764
3.077299
3.0051706
2.9562283
8.824343
5.956428
14.435833
8.760494
0.13820514
3.0264633
3.0029197
8.746691
3.0692782
5.876006
14.507587
3.1310787
3.113217
0.13884652
3.0662143
3.0611796
3.080475
3.0543647
3.0167432
2.9680662
0.16819912
0.17823341
5.898342
3.064256
3.0250072
8.870035
5.965917
3.0541816
5.9078755
0.15241693
3.082481
5.945848
2.9792295
0.14116335
3.0079157
3.0247293
0.16322857
5.8591604
5.915371
3.0270088
2.9674382
5.892135
3.0024514
5.8850255
0.14317736
3.0704026
0.12769648
3.0313377
0.14235577
0.16927728
0.14414933
2.9882903
0.1273175
3.034179
6.004002
5.873701
11.707137
5.8947673
0.204488
2.9456983
2.9756446
0.13289994
0.13663857
5.8950677
0.2021108
5.9338775
5.9501324
3.0488224
5.848138
0.099778794
3.021455
5.9354553
0.13654387
0.09925237
0.12372017
11.630122
2.9686213
5.9019175
2.9776478
0.17275743
2.9903839
2.9648817
3.056969
5.8890514
8.781084
3.0505333
3.0539935
2.9887686
0.15779838
8.735029
8.818299
0.13713725
0.12316389
5.9376154
2.999831
3.0407045
0.12789276
3.0404372
5.8689246
0.16621111
11.737249
3.0180788
5.88577
2.970817
5.9869366
8.770187
0.12654495
5.9591093
8.788431
0.16504154
5.8138046
11.7001
3.0373616
5.9659624
5.895728
3.013555
3.0805259
3.079671
5.8038826
0.19563502
0.1284943
0.14557374
5.832795
8.676758
8.762133
0.17679559
0.15236643
0.16102046
2.9833975
0.1730713
5.944774
0.16726965
5.9459696
3.0347247
8.75588
0.13754842
5.9088416
5.886241
6.0070376
3.0179749
3.0174713
3.0969431
3.0455105
3.0143838
5.804043
3.0011225
0.1402141
5.817741
5.8823547
3.007083
3.0659018
11.666224
5.898285
0.15917243
2.9780607
11.616333
3.062624
0.1863245
0.14865725
5.906167
8.897163
0.12638745
0.20269522
5.8449707
11.63677
5.903261
2.9936888
5.942791
2.9770746
0.20753337
2.9778843
5.9114127
5.8378544
8.696168
5.819476
0.1386881
2.9925733
0.18565728
5.917955
3.0862095
2.9884472
0.16339526
8.717765
3.0372758
3.0259042
3.027366
5.870141
5.8397775
3.0554085
2.9793334
5.846409
11.581569
2.970781
2.9850585
5.853727
3.0212197
5.9442625
8.781912
0.16953753
0.19016454
5.8750467
2.9589503
3.0833113
2.9634914
5.8460455
3.0893097
5.8432016
0.18656136
3.008884
8.580159
8.808603
0.17933543
0.14425887
3.0536683
0.17354837
5.888565
8.808256
3.1439638
3.0603485
3.0199227
8.639542
3.0319643
5.961903
5.9757357
5.937845
3.032275
5.90792
8.703308
3.0411942
3.0069027
3.032587
0.20576139
14.506277
0.22317258
3.1379154
11.481213
0.1747826
0.20387864
5.80886
0.13903983
0.27817604
5.9632177
5.8967624
3.0706491
0.2284614
5.86187
8.707634
5.8781443
5.870881
2.9847846
0.16520247
0.17846023
5.8814116
0.17248133
0.17933862
2.9989245
5.8595476
2.9624445
3.066533
5.8802795
3.1676335
3.0476055
3.1232805
5.8702097
8.8061495
5.8118334
8.7088375
3.061606
0.16493447
8.69466
2.9306464
8.682186
2.9907124
5.842029
0.16258568
8.613297
3.0671554
8.830578
3.086739
5.9207973
3.08954
5.8712935
8.697977
0.1829681
3.0076485
3.034154
2.983301
0.23634683
3.0346313
3.0597453
8.680708
3.0546741
2.9730377
5.7618256
5.903571
3.1252737
3.0466113
8.619944
17.298439
3.0538518
5.944228
5.8923726
3.017974
5.918621
0.18677808
0.17703974
0.18575737
3.0929124
5.855113
3.1175532
0.177803
5.905903
8.72758
3.0817976
8.691598
0.19059524
0.21046427
3.0107207
0.18603827
5.881669
8.663355
3.0010564
5.85536
11.504351
5.9799876
5.880784
8.704673
3.0841875
11.538163
5.9263334
0.19296342
5.873232
3.0425086
5.748298
3.0042677
0.21414436
3.0076296
8.728151
0.23611176
8.638045
0.2628489
8.684103
5.886855
8.627376
2.9786916
3.0718074
2.9373145
8.80298
5.851542
0.19874308
5.8057795
3.0459824
8.606203
2.9911404
8.625853
11.497321
5.7431755
5.8900466
5.8476906
2.9913378
3.005672
3.0583162
11.342705
0.25324193
5.7009277
5.86211
3.065734
8.618179
0.16155009
5.88597
3.038531
3.1037276
8.524069
0.27127326
0.23015675
5.95607
5.8706346
8.636452
3.051354
3.1214342
0.18284923
2.984486
0.3409545
3.0619426
5.862321
8.653702
3.0369198
5.946331
3.029098
0.24730588
5.835287
11.437497
0.25869524
5.85133
2.9925904
11.4818535
5.773719
8.5316105
5.8431673
11.523521
0.21140099
0.28582722
3.0981631
3.0614605
5.830163
3.074937
0.21958855
2.972765
5.9121065
2.9480598
8.557005
5.811831
5.7571783
5.7968006
5.7995205
0.18914008
11.473225
3.046917
2.9707232
3.0759192
8.648363
0.22602075
3.045087
5.7548122
8.64219
11.585696
5.833191
3.0637093
3.0649014
2.9616804
0.2488477
3.0171432
5.9845686
0.24352148
8.6082325
5.9687753
2.9743333
5.896285
5.8065205
3.1120706
5.844227
5.892504
0.21413854
5.9566665
8.634426
3.036104
3.0290864
5.8983335
0.2833163
5.8785725
0.22834632
5.856167
8.622725
3.0506837
8.805607
8.657959
5.9289207
3.069814
0.26839417
3.0961356
5.9266467
8.66888
8.612407
3.011046
3.03412
3.0626502
8.556646
3.0796595
3.0539446
5.8873897
3.0639594
3.0639095
3.0888524
5.8187594
5.7695036
3.1094375
5.7401295
0.209879
5.796562
5.9548845
8.603471
2.9920735
3.138941
0.2597427
3.0628052
2.9930835
3.0635862
11.452219
8.627334
3.0505404
8.692886
5.931466
5.9565372
3.0510628
5.9340205
5.856477
2.9900374
5.857053
8.702337
3.0195074
3.0094018
5.804487
5.9450293
3.0932043
0.2578684
8.698745
8.608307
11.607782
3.07902
3.063654
3.1318655
11.493366
3.1630347
3.0760398
8.647385
3.0741782
5.9435697
11.449362
5.906566
17.287783
3.0505495
5.8743486
3.0566847
3.1006906
0.2721632
8.623884
5.94014
8.675827
5.7747345
3.085136
11.445797
3.152532
5.931325
5.961344
8.685482
8.7185
14.213839
5.9180923
3.036115
3.127286
5.843644
8.638602
3.0727572
3.0644674
5.878592
5.735245
3.0884728
0.29043025
3.059064
0.2707852
11.57907
3.0669236
0.30978805
11.578079
0.30957198
3.0835853
14.210343
0.24927887
0.29931206
8.68808
3.03259
8.58143
3.1690965
0.28911924
8.7034855
11.409943
5.925706
11.625461
11.419022
8.657051
8.719704
3.0319123
0.26558712
0.292427
8.707483
3.1220984
3.0628839
3.0220742
0.26967442
5.872085
5.805771
8.692728
0.23087448
0.27392134
3.0150852
3.0065584
2.9911788
3.0335743
3.095247
5.7826123
3.0300279
0.2502743
14.346052
5.855732
3.0807009
3.027834
5.801343
8.837278
20.148525
14.321415
3.0355685
3.0838542
8.708754
3.0113912
11.635962
8.76848
8.695298
3.074487
5.917843
8.748874
5.9411
3.077536
5.805163
11.475676
5.9170384
5.927685
8.699884
3.0461733
5.8943243
5.838722
5.8867497
3.1056836
8.565133
5.912846
5.881468
5.8021727
5.874496
0.28989196
8.6708145
5.8750267
0.28207526
11.327189
8.594194
5.862093
5.8092155
8.713773
0.26412737
3.1956758
8.676204
3.0915852
0.34579045
8.690723
3.153837
0.30474907
3.141102
8.718805
5.8942227
8.716425
3.0536108
5.904139
8.671003
8.691198
5.868622
11.525719
2.9882202
11.603456
0.28829256
8.514318
0.2924677
5.917097
0.21448974
5.8922825
8.70598
5.9667063
0.29727983
5.9021444
5.860386
8.643567
0.25300843
0.23782781
3.112559
0.2709803
8.619293
11.565567
5.914098
5.8528776
5.8674145
5.854767
3.0586553
5.8248734
14.350065
0.31502807
8.670938
3.0812495
5.8327227
5.7786355
8.659334
0.24651161
3.0212493
8.73489
14.463104
11.582043
11.554582
8.660683
5.821551
3.1643605
8.7489195
3.1136756
8.644057
11.421064
14.167393
0.292697
0.27601975
3.0763063
5.814987
14.292818
8.697184
3.0166993
5.882409
5.8451424
0.32299972
5.923728
11.531085
8.698545
8.601482
5.9595966
8.6751375
8.639809
5.992511
3.0217247
3.091826
0.31174165
8.588455
3.1232562
3.20049
0.3247751
3.0417635
5.9748464
5.90517
3.0023477
8.555674
3.050105
11.516579
11.50305
5.8699093
0.31269497
3.1034098
8.737909
3.0619254
8.621411
5.8470907
3.1766548
5.776869
5.8282104
8.659549
3.1660013
14.235864
11.486041
3.1451058
8.754287
11.391932
0.28192043
3.142249
3.0507402
5.95428
3.0788665
8.634511
5.9046597
3.0224266
11.406434
8.705071
3.1001024
5.87243
14.346926
8.769676
8.597305
3.0757165
3.077133
3.0210881
3.0786123
3.0954537
3.1181166
8.594805
5.9553103
3.1087995
5.9082184
5.907599
5.916996
3.1154628
3.0465064
14.344806
8.695631
3.086923
11.358521
5.7910476
3.1683638
5.900611
5.8948812
8.609658
8.60302
3.0922222
3.0980306
14.123194
3.0639334
3.1465628
14.285448
8.649615
8.659322
11.567803
5.939535
5.8566737
5.9268856
5.8648996
5.937441
5.845558
3.1119936
11.57638
3.1803086
8.639114
8.609356
3.1289983
8.589001
8.599227
0.3680268
3.1208153
8.734948
8.663597
8.762653
8.719774
11.370745
5.810917
8.615801
3.0523481
8.573391
6.016419
6.010188
5.835518
5.853765
8.56119
3.1543713
5.8059616
0.4167695
11.458296
8.729845
0.32936513
5.818514
0.3630853
3.1094477
5.861958
3.1216147
8.712468
14.105764
5.832553
14.154037
5.84904
3.1381516
5.8105083
3.0354726
5.8615227
0.31853583
3.0724974
5.928924
0.28138065
3.095158
3.065003
8.681385
8.687251
3.1000035
3.0947013
0.26343423
5.84977
11.387672
8.671715
5.770041
5.8696632
3.0622582
3.1028428
8.616169
5.826207
3.0818834
5.781003
3.032071
5.793663
5.94459
8.597527
3.0894754
5.872873
3.1582007
3.0774407
3.0882695
11.5137825
8.6044445
8.614299
5.8228817
3.0313869
11.389734
5.807359
8.635681
0.24596077
5.9122763
3.1099908
5.7764997
11.481525
5.8604383
3.0372016
5.827622
3.0660744
3.0759091
3.0693624
5.836361
5.893862
5.8213434
5.9221754
19.731731
3.0948646
8.581733
8.60415
3.1388958
5.926077
5.8728876
0.36302525
11.448109
0.32604897
3.0774941
0.32696247
3.0575464
11.479792
5.8309703
11.424973
5.828087
0.3037571
3.1062503
8.620302
8.543664
5.919297
3.0705256
5.923602
8.751467
8.676213
3.1023898
5.8317776
0.33980185
3.0491843
11.287342
8.614603
16.98709
0.3229103
5.8824716
5.92263
5.8714495
0.23784263
14.2865505
3.062408
0.2732125
8.648124
3.0494695
8.610065
5.8295965
11.4805975
5.7958565
14.194129
3.1126065
0.25606382
2.967048
8.543248
5.8380938
14.070928
5.7969007
5.8680077
8.691571
5.755657
3.0657825
8.653755
3.0765152
8.584994
3.0683646
3.1177788
8.585413
3.1861916
5.71702
5.815051
5.783429
0.3638611
3.1107576
8.629702
3.1161203
8.646378
5.855727
11.37384
0.31273103
3.126986
8.607445
8.584708
5.8971367
8.596077
5.834934
3.0565643
3.0924892
3.158946
0.38729614
3.0770516
3.0695639
8.611112
3.0766654
3.1473258
0.32190186
11.578127
8.742695
5.9132547
5.889779
5.770149
3.1089346
11.406598
5.858757
3.0895863
3.0484037
3.0676646
8.6525135
0.3317985
11.494178
3.1089385
5.929091
8.594637
0.24870935
8.5854
8.690827
5.8255897
5.9020224
5.73485
5.809473
3.0444472
3.1551638
8.718313
5.872176
3.189841
5.929533
5.835896
8.609919
8.677641
14.316403
3.0400014
5.8519373
8.581232
0.29228082
3.0311065
3.026001
0.2372351
11.479628
14.341677
3.12779
8.76306
8.688738
3.0721273
8.548304
3.0658343
5.7751684
2.9939365
8.584579
0.29100636
3.1127825
3.0148356
0.2611373
5.889263
11.29221
2.962157
8.566238
0.3059457
8.628144
3.0335126
5.8820114
0.2962445
5.847233
3.1607623
3.055871
2.9629905
3.0280316
3.1268768
5.791937
5.8377843
5.8720293
5.923065
5.8235884
11.295907
8.684802
8.713586
5.821128
3.0602374
5.8102903
11.579778
5.9535413
0.27448943
2.9911175
5.806905
17.06655
5.8771944
8.591975
11.568155
3.0581536
5.8251104
8.565324
3.0514815
5.8644476
3.1138716
3.152619
3.0448031
3.1234586
3.0860868
3.203392
5.861582
11.431649
8.63872
11.4198265
3.0677605
0.35049105
8.670184
0.27711385
3.0519452
0.26636806
0.30556783
5.9091387
3.0810685
3.1057718
0.30593958
5.889133
5.8311253
5.835264
5.850932
5.9537287
3.0889785
3.0888934
3.0223155
3.0037117
0.24290428
3.0461102
0.23418643
5.924384
5.8527994
14.170523
0.21246147
2.9850593
5.8385086
3.071543
3.0017602
5.900321
2.9752827
3.0514874
3.023809
8.674395
0.20928958
3.079803
0.22439215
5.9489336
8.807452
8.6816845
8.856541
8.622778
14.385962
5.888654
3.0364468
5.8576603
8.697208
3.0453033
11.484856
11.484921
5.900851
5.83313
8.727121
5.931386
3.0401216
2.9894958
8.571484
3.1041803
5.8836327
3.077731
3.0704997
8.650177
5.879019
5.876766
2.9955842
5.866786
8.58873
3.133762
8.581381
5.9406495
16.945686
3.043614
5.7696514
0.23985794
11.354399
8.671479
5.8327026
14.281196
3.0447187
3.1317492
0.23478884
5.823626
0.33306038
11.275955
3.1143227
8.675808
5.815901
3.1040654
5.730609
3.037723
0.35233164
5.837301
11.444445
0.31630033
0.3256229
0.31353617
5.8376107
3.1100817
0.3180967
5.8568516
2.9961386
5.8611674
3.0993214
3.035143
3.0465999
11.422983
5.8416195
3.0571852
8.743532
3.0115972
5.8672943
3.101799
5.9767666
3.0124984
3.0629883
5.8231215
11.437426
3.0628865
3.0091772
3.0823474
0.23332375
5.8287525
0.19137368
8.636041
5.7669153
8.64829
5.8318424
3.02439
11.485935
5.815257
5.852447
3.0470395
5.811493
5.8538013
8.598805
3.0878053
5.952136
5.8252306
5.8259583
5.903981
3.0282192
3.0142784
5.826722
5.8187428
3.0501037
5.8712406
5.8576984
3.054071
0.22077146
11.353983
3.0808272
0.22248042
3.0460224
0.22225097
5.8172297
5.833371
5.8355393
5.9002366
5.8631616
11.48571
0.19636679
0.22677381
3.004701
5.8521748
8.758037
5.944023
5.8751807
2.9776483
8.674158
5.862996
5.8313055
3.0017643
5.7987804
8.6430645
3.0962152
3.086073
0.2269714
5.857873
5.7827806
3.087596
5.769065
8.655478
0.2708559
3.0114307
3.086244
8.652044
5.776033
5.860802
3.065872
0.24301967
5.8316317
8.58154
0.19380659
3.0536845
3.0602014
0.25082606
0.20409177
8.631811
0.23532856
5.855702
8.671167
11.396143
5.826374
8.755552
3.023574
0.18968907
0.19096845
5.898191
8.702944
5.876416
3.027555
0.21366967
5.828727
5.845579
5.79943
0.21337356
5.871355
3.0319402
5.8369036
5.9024286
5.876033
3.026528
5.868998
11.504385
2.9940424
8.706167
5.7513094
3.0370607
0.22679901
3.054647
8.705482
0.1845622
11.530718
3.0163116
8.674899
8.645088
0.24797088
8.548084
3.003333
5.843089
0.18112656
11.440256
11.454256
5.776129
8.705112
3.007668
2.9977493
0.2510707
0.21352933
5.7551513
8.602126
3.0621257
0.24232043
3.062526
11.42111
19.76951
2.998418
11.369871
8.604416
0.19948149
3.0286324
5.7773337
5.7733884
19.788296
3.0861535
0.29983693
0.31639743
5.8273497
0.31252208
5.8241434
8.5977
3.0833287
8.586784
11.333546
0.27289546
5.8556075
3.0133114
5.805156
2.9777665
2.9983659
5.8250465
3.0795918
0.30145764
3.0733624
2.9898207
0.28390187
0.23315468
5.884516
0.27893078
2.9834335
8.675596
2.9858713
8.628607
5.7906013
3.0366163
8.725048
5.8001823
2.9953556
3.043983
5.870517
8.640957
5.85507
8.626777
5.8057623
3.0103416
0.22667295
5.8013396
0.23270592
8.627642
8.606026
5.8325253
2.9954765
8.634095
8.64349
8.6521435
17.077496
3.0588117
3.0273366
8.591513
11.398903
2.9760096
3.0255094
5.8911524
5.7915173
3.0597153
8.61832
11.352181
3.0221348
3.0121875
5.8146534
3.0433745
5.8570886
0.2633348
3.0209389
3.0567155
5.8351946
3.064374
8.613953
0.2730258
5.8287373
3.034518
0.24969488
0.20716001
5.79098
5.861063
0.23235744
3.0177798
3.041667
5.817828
0.17757365
8.61004
3.0314095
8.65333
2.9349332
0.20115545
3.0442462
11.444803
11.455437
2.9696875
0.16402978
11.428535
0.20921025
11.485379
3.039915
5.807102
0.21451163
8.612882
0.19560406
3.0329256
8.652155
3.0178113
0.24245556
5.7430525
5.8232613
5.8267584
3.0147212
8.623508
0.20301713
5.8258867
5.840119
5.787631
8.630661
5.8260794
3.0319111
3.0159674
3.0125005
5.8302298
17.024885
3.00262
5.8171263
3.0464087
5.829913
11.50952
3.0495565
3.029433
8.66448
8.613085
5.7955036
5.8281
5.751485
8.606967
5.842698
0.2841268
8.650832
0.25886458
3.010848
5.8498755
3.0939116
3.023374
3.0001621
3.0569701
5.820057
3.041461
3.0095365
3.0527515
0.24074204
8.592791
3.05857
0.20609787
5.79
8.641792
0.22288951
2.9902053
2.9778247
0.21227828
8.578529
0.22330108
3.0297837
0.159928
8.668106
0.2237021
14.272152
5.8223577
0.18769023
0.181273
3.0145497
11.448456
3.0245605
3.0148826
5.7939105
0.19334969
2.968859
0.13987428
0.20166293
0.17929938
3.019671
2.9875598
8.644181
5.834941
3.0227773
3.0161202
3.0005155
8.605146
3.0069952
0.14618412
0.1607736
0.13295434
8.625143
0.14409912
3.0029864
5.8322487
5.7955923
2.9817042
2.991269
8.665773
0.17025855
5.8620634
5.8603706
14.326557
8.679848
8.690725
3.0332935
5.815377
5.81246
3.0202672
5.9019217
2.9881322
8.637325
2.994464
3.0298238
5.866989
3.0008976
0.19670895
3.0304794
8.657245
3.0195427
5.7729874
8.658028
3.0367026
14.235682
8.656937
5.83582
0.18098381
0.20202374
2.9993248
0.21142405
3.0173254
2.9942772
5.8449187
3.0016477
3.065178
14.298622
3.0060534
5.8564672
2.987276
5.7684317
5.762595
5.78286
3.0425391
2.9861417
3.0491261
8.609812
5.831129
8.59197
5.835587
8.628227
2.9505873
0.1863384
5.8305483
3.0029454
5.810422
2.9824362
3.0093868
2.9698088
5.8256073
2.9976974
5.768382
0.2342995
2.9908679
5.7912827
3.0297294
5.8464985
8.651679
2.9758368
3.0712862
0.1682289
3.0324621
3.015535
5.821006
0.2385611
5.8237004
3.0307956
0.1695146
3.0193987
0.18967794
11.490183
8.6248865
0.16282713
2.9987204
3.0026164
0.153115
0.1555454
0.13322046
8.660082
2.9552205
5.823502
2.9929802
5.820253
5.8019686
0.1489178
2.976962
0.13471368
2.9833436
0.14457811
8.663898
2.975348
5.8084817
0.1340897
5.810001
2.9691663
5.83618
5.7872686
2.9816666
5.842122
5.849696
3.0046763
2.9603987
14.33091
5.8614845
2.958891
2.9920688
2.9663286
2.9761667
2.9671724
0.13352484
0.14367639
3.0059803
2.9941182
2.972681
0.15663666
2.937834
0.13878839
14.320036
5.8368354
5.839911
5.7923994
3.0050077
2.996949
3.0107865
5.7844543
2.9607928
0.17037013
5.8118753
8.656987
5.776081
0.16640928
11.439417
2.9839911
0.17931089
0.15241018
0.21947038
2.97574
2.976642
2.967522
5.800061
0.15012273
8.636058
3.0022433
0.15112942
2.9665806
0.12953044
0.19578421
0.133654
0.14642483
5.815669
5.8050957
0.1438156
5.790124
2.974816
2.9691994
2.9819903
2.9921646
2.9728637
5.804413
0.12435464
0.11085462
5.8301525
0.10245942
0.13089487
8.684431
2.9801931
2.9735928
8.683044
5.822292
0.11180658
2.9969273
5.8413196
5.8290615
2.970747
2.9913173
0.1232528
0.12109798
0.14634618
2.934524
8.6578865
5.8018417
8.641883
0.13770196
2.9764802
0.09925378
2.9653897
0.13935167
5.841448
5.805815
0.14394388
5.797265
2.9904265
2.963087
5.844119
14.389931
5.831791
8.668821
5.800602
5.8219347
2.9766479
5.817033
5.7963257
8.616261
2.9758742
5.8023033
2.9566512
8.621858
2.985711
5.8159165
5.79109
5.8024006
2.9849024
8.647115
2.9864347
0.17801374
3.0071197
2.989006
2.9931746
5.797452
0.1871931
5.7762027
3.0061438
5.8469396
5.809082
0.20560354
0.17483628
11.429728
5.772977
5.7930546
2.9970822
2.9904695
8.5910225
5.842559
2.9781485
2.9665337
2.968876
0.20032263
3.0136256
8.580626
0.17873982
0.18820372
3.0075786
0.15660927
11.4155445
2.9565961
8.631271
3.0248203
8.65796
2.991754
0.15663987
2.96703
14.259511
2.978053
0.1740912
0.16855073
3.0017424
8.623484
0.14085239
2.97466
2.9859695
5.7999983
8.63475
2.9696012
8.620154
5.7667894
8.58683
2.9966924
0.15221316
3.000735
2.9802928
2.9968333
2.9792278
8.611088
0.16581663
0.14607447
2.974482
2.9741874
0.1668185
5.7959404
14.258162
11.409794
0.16562642
0.13175273
0.16278537
2.9658203
5.805004
0.16164792
2.9668229
14.269266
5.8067126
8.607206
5.799148
2.9538229
2.9716582
5.80704
2.9472318
0.14038171
2.9987235
11.375881
5.7659006
2.9786687
8.582732
5.7701206
0.19568923
0.18100932
11.415981
5.7994685
2.9599164
0.19970566
5.7533484
0.18702132
0.2018637
0.21110763
3.01423
0.20903641
0.15857479
2.9994488
2.974555
2.9316344
5.781574
5.7795258
2.9606655
5.770835
2.951582
2.9953794
0.17721675
2.9575324
5.7899942
0.15133339
5.829934
2.9630857
2.958816
0.14888087
2.9672508
2.9772666
2.9418783
2.9882002
2.9742696
5.7708163
0.10880758
0.14578068
0.116248555
5.8252907
5.8295255
2.9800053
8.702516
0.11040646
0.097353205
2.9829216
5.802803
8.649916
5.7816763
0.13714202
0.11447199
2.9716122
0.10922158
0.11691165
2.9792824
2.9826775
0.10629835
5.843729
5.7852697
5.799692
5.7771463
2.9867837
0.1038062
0.11205363
5.80843
8.622807
5.8434477
0.10174715
8.631443
5.799973
2.956602
0.10903467
2.9531732
2.9258027
2.9894876
0.11718801
5.7923145
5.772409
11.491723
2.9748378
5.794862
0.14428955
2.9848857
8.6406145
8.579073
2.9494188
0.136325
2.999107
2.9795868
2.950087
2.9450617
0.12321341
0.11168644
2.9480503
8.608995
0.14207645
2.9449084
2.9559937
11.456297
2.9524825
5.792684
2.9398785
5.8060827
5.8422184
5.7638717
8.627968
0.1768278
2.9807453
2.9740407
0.15699103
11.441075
5.7931957
2.967627
0.15383324
8.585237
0.15633827
5.7349796
5.817008
8.571891
8.60272
5.7889485
5.757435
0.14584273
2.9766183
2.9474459
0.14559078
8.612912
0.15603304
2.9506502
0.15970504
8.608331
8.626333
2.9890487
5.7731133
2.9418051
2.9777853
5.8092384
2.940074
0.16331047
0.14737755
2.9779525
5.7424917
2.9908655
2.9782984
2.9232836
0.15931655
2.9567683
8.658539
2.9336174
11.414789
2.9222808
3.010036
2.9431176
2.9719105
0.13492489
8.552092
2.9949188
0.1497151
5.770744
2.9421034
2.931501
2.9533577
0.12754586
5.8179255
5.71959
0.15764755
5.830057
0.12060836
0.10766809
0.15608622
5.7375374
8.619581
0.14315349
5.7810235
2.9813313
8.65133
5.7862945
8.547604
2.9340591
2.9470215
2.9366052
2.9384632
8.659559
3.0014107
5.8378315
2.9093382
0.14450014
5.753278
5.7575064
2.9661508
2.9860575
5.717558
5.797372
5.769802
2.944769
5.753146
5.762972
0.13191254
2.9452462
2.923077
0.15044889
5.8372574
5.8039913
2.9416943
5.703868
0.13456577
2.9246607
0.1782599
2.929456
0.14885555
2.941862
2.994988
2.976252
2.9901707
8.564586
0.1467726
0.124428496
0.15258896
0.14418599
0.13043082
5.727395
8.597725
5.7624884
0.11914268
8.71092
8.607935
0.12657842
2.9130187
2.9168205
0.12395247
0.14052287
5.7263603
0.10522343
2.9620724
5.846879
2.964809
5.7952003
11.408982
2.9084663
2.926387
2.9606433
2.9096844
0.103222415
0.12134863
5.8266406
5.706196
5.786742
2.9930816
2.9758239
0.11576775
5.7672777
5.837048
5.730283
8.590693
2.9104743
8.625241
8.56845
2.9143972
0.15066278
11.429647
5.7756205
5.7082334
0.13454463
0.15789476
5.6769733
2.9300842
5.855425
2.9339428
0.1777269
2.9892168
5.7353306
3.002253
8.491119
5.7389545
2.8928766
2.923451
5.7577195
5.69687
2.9172482
2.9136906
5.839838
5.74045
2.9166584
5.72009
2.9169347
3.001463
2.9915185
0.16592848
2.973481
0.16607074
2.9262185
2.9183035
8.510788
0.16748346
8.595308
2.9122586
2.9897013
0.1286672
2.9007444
2.9831939
5.7317495
8.539471
14.151173
0.15267989
8.529652
5.681986
2.93723
5.760402
5.691198
0.13785674
2.9994838
2.8987641
5.669142
0.16273558
5.8376265
0.1287853
2.9211483
2.9903388
8.501907
2.9882064
8.586858
0.145744
0.15653984
0.17009069
2.8912685
2.9939728
2.9904938
2.9885542
2.891119
0.11860629
2.892786
8.698723
0.116330236
2.9168944
0.10357782
2.9147508
2.9799078
0.114509106
2.9022267
2.9618034
8.644106
0.104107976
0.12816045
2.8925173
0.09874108
5.8762584
2.979401
0.09626269
8.48756
8.553426
0.104520634
2.8981237
2.9022045
0.10042028
2.973589
2.9873562
2.9964383
2.9559436
5.8621154
5.68534
2.9064202
5.7778287
2.9789248
5.7726307
0.12917349
8.657127
0.09794587
5.7677774
5.690859
0.10666045
0.11332236
8.5742855
2.967417
2.9753098
8.62822
0.11597113
2.8760853
2.881592
2.9835093
2.89354
2.9860783
2.895393
0.1202943
2.9854813
5.745348
2.890914
8.592768
5.7477674
5.7744083
5.849493
2.8886201
8.601658
0.15417764
0.11259486
5.7568855
2.8982983
8.501427
0.14374654
8.495043
8.521593
2.8861575
0.1479293
5.7577314
0.16227874
5.74734
5.7065268
2.9088323
2.8959668
8.587177
2.8902688
2.990472
2.9198928
5.746003
14.1415615
2.992631
0.15970507
2.8893843
2.9157908
5.658451
0.1437734
8.541544
2.9055
5.7516785
2.984902
3.0163195
2.9815214
8.559182
0.17672876
5.855728
5.723917
2.979257
2.8686907
0.17998701
8.465732
5.8372602
2.916944
2.8850827
3.0019011
0.15697527
0.16619632
0.14757502
0.16776088
2.8801744
0.13696422
8.5141115
0.13218859
2.9651732
0.10909845
2.8928542
2.9861217
5.6330547
0.12092161
8.528569
0.116351336
0.09678974
5.756772
5.7492104
8.422857
2.9024343
0.1028997
5.771513
8.523219
5.765561
5.854254
0.1066601
14.252845
2.8961396
2.8837667
2.975261
5.744594
8.5919895
2.983393
0.12396727
2.8764322
8.702711
0.122729614
5.6427565
3.002193
2.9886162
0.14217511
5.716805
0.12558004
5.7286177
2.8824615
0.14126872
2.9000869
0.14729446
0.14227793
2.865497
3.0097966
2.8750553
0.13955146
2.875452
0.11374755
2.8795805
0.09605957
0.13964266
2.875637
5.8591747
2.8603697
2.8853645
11.403744
5.872072
2.9766684
11.390751
5.8589344
0.100608975
5.747079
8.482767
0.10094939
0.13169132
8.493288
5.7519116
5.7152357
8.59501
5.822492
0.12714481
2.9552379
8.457989
2.9796252
5.8424845
0.14669685
2.895935
5.614723
0.13272645
3.005641
5.732126
8.4437065
2.8858755
2.8666444
0.1318257
3.0016413
8.546614
8.655823
2.8788583
2.8640797
0.1397145
11.157274
2.8906453
8.669832
0.1709795
8.418877
3.0001163
0.17971197
0.15978593
5.5801597
8.401406
2.8712754
2.9936671
2.868991
5.685934
5.689585
0.16433287
5.8407164
0.1590923
5.713417
5.6958923
5.562398
0.18282816
8.518265
2.8708487
5.697124
2.9981627
2.9011273
0.1804452
2.8686752
0.17418511
2.872041
11.509249
8.67868
0.173012
5.8289633
2.9007936
8.665764
8.678141
0.18464515
5.840778
5.697276
0.1668967
2.8785763
8.543711
0.17680061
5.8580003
2.8717709
8.535366
0.17082666
2.9646719
0.1678426
5.706541
5.81532
8.539323
0.16758093
2.8909814
2.8959975
5.839445
3.0093513
2.8892798
0.19300398
0.16333663
2.998755
0.17195693
0.12083931
2.9924498
2.8743384
5.6009817
0.12604162
0.1343541
2.8726277
5.7259574
8.601522
11.235907
2.9762964
2.9834733
5.7492876
8.592653
8.599837
5.7238197
0.13119693
5.599809
0.1552431
2.8699946
0.14116739
3.0023062
0.1210379
5.7133026
0.13882717
0.14560181
2.970168
5.7275996
5.8003335
2.959899
2.994216
2.969462
0.14903879
0.12845875
2.8449981
0.107713684
8.465281
0.12457541
0.10867022
0.11128848
8.701499
5.6363063
5.587425
0.114786245
2.988433
2.8557012
0.1090715
0.13250627
2.9798665
2.987202
5.719135
0.102685526
2.8735385
0.103961244
0.106641546
2.9690032
11.357273
2.9683738
8.468405
8.594745
0.10822687
11.3248825
8.4504385
5.7174587
2.875115
2.9834614
5.7183676
2.999968
0.1552341
2.8494828
2.8503237
5.5757294
2.996776
5.8351064
2.9973228
5.789324
0.14638649
5.5550537
5.5910935
5.711531
11.099688
11.448832
2.8730822
5.685939
8.256652
5.685153
2.874546
3.0166059
2.8691707
0.2060328
5.6436424
5.7067404
3.0105033
5.7095294
2.984107
2.9818351
0.22944665
0.20242342
3.0130413
11.043209
2.8618398
0.21579143
5.6081505
2.8734426
2.9936674
5.816697
0.17592257
0.16807345
5.6999054
5.704807
2.8575907
2.8443973
2.9912343
0.1652602
0.1739805
5.681488
5.6639433
2.859582
2.8548903
0.11726619
0.13510369
3.006924
5.8392706
5.8258305
0.113390416
2.9977303
0.13073054
2.9999256
0.12741862
2.8364646
5.570861
0.09949622
2.847846
0.10109784
2.8693373
5.8532677
0.11192757
0.1008508
0.09625491
0.10359496
5.7492847
2.8367639
0.0907123
5.733214
2.863906
2.8433828
0.09813705
5.7406607
2.9950192
2.851265
5.6114063
0.067266464
17.014103
5.598168
2.985603
8.334145
2.9950595
2.9575605
2.964415
5.6964684
5.8381605
11.447886
5.679077
5.6871223
2.9949276
0.16825743
0.15380654
0.16122225
0.16865277
2.8602571
0.13845102
2.9849706
0.13593054
2.8593497
5.7214813
3.0054836
0.16728827
8.374212
0.13176534
8.555378
0.11790231
5.8217783
0.14716087
5.680792
8.525316
2.8332553
3.0134845
8.401718
13.828897
8.243748
5.6606936
5.681072
2.8487706
5.705144
2.8372283
2.982239
8.473667
3.0102382
3.00428
2.988459
0.15982446
0.17213528
2.9973273
3.0039804
0.16444732
2.8275595
5.853733
2.998819
0.19037458
5.6631346
5.6722
0.14333966
2.998506
2.8385198
2.9909446
11.070155
5.695343
0.17799439
0.12708098
5.8236237
2.8487742
5.5263577
8.384068
5.6389008
5.5315857
2.8209858
8.36423
2.812674
5.6651554
3.0220788
2.8558326
0.16353114
2.9885025
11.324857
2.8175871
2.994187
2.839887
5.654496
2.845616
5.6438503
0.15662983
0.19217831
2.8372416
2.9768894
2.8087413
0.15372598
0.15448499
8.36038
0.17614216
5.667944
2.9516613
0.14244437
5.8358316
0.1289415
0.14710765
2.821854
0.14172277
5.8340635
5.5145016
8.391085
5.7080393
14.245146
0.11061674
0.13956386
2.8600302
0.11960799
3.0235863
2.8167849
2.96732
0.12586012
0.11930877
0.14451368
8.392174
0.09903465
2.837688
2.9742556
2.9918203
5.5316334
2.8371685
0.11499871
8.239986
2.8148217
8.561923
5.697226
0.12527606
0.110091954
0.12779745
5.847508
3.0014472
2.8238244
0.11118008
0.13309899
2.8261733
8.561098
2.8288698
5.8576994
2.8132138
11.110878
5.8698874
0.107872315
2.8054354
0.1385327
8.370134
0.12774068
0.11177859
2.995933
0.11790236
2.8319664
2.9683948
2.98637
0.11080621
2.8113186
8.553966
0.11839859
0.106644504
8.376197
5.859725
2.984224
2.8281198
2.9933386
5.8707237
5.702666
2.995654
2.992322
8.382053
2.9803205
2.9868555
5.4895525
8.350397
8.678896
0.1482908
2.8103256
2.8158674
5.823013
0.14330673
3.0027175
2.8266826
5.8219666
5.661177
0.14541379
2.8358755
2.8070045
0.12955576
2.8198736
5.6667895
0.1209777
0.14328313
2.9611936
2.997431
5.846451
8.523817
0.15504175
2.9603477
5.6505146
0.1680545
2.8050447
0.13003494
5.8272533
0.11492689
2.965787
5.514949
5.834565
2.966044
0.12266619
5.490258
2.9715314
0.14045878
5.4900007
5.504607
5.493014
2.8153844
5.6630597
2.809542
5.672001
0.12566938
2.8294406
0.12974216
5.8466997
2.9935818
8.507505
0.11802143
5.842005
5.474312
2.8349397
0.120442495
5.6709695
0.14170069
0.16582453
5.6534
2.8075168
0.14768633
8.5192175
2.794733
5.4812536
2.990398
0.15151662
11.000197
5.6424356
5.6798
0.14154184
5.81301
0.12640342
8.509974
0.15707438
0.14603598
2.8268564
5.6150646
0.1409404
2.8015592
5.6427197
2.9926624
5.660113
5.6659384
5.8300734
2.9853873
2.984621
0.15100303
0.1380716
0.13281631
5.8439655
5.47089
0.157059
0.109243706
2.9782186
0.12361651
2.7934027
0.11164178
2.965537
0.13614628
2.8058662
5.855185
0.1125627
2.9757838
2.9512806
2.7919044
11.050083
5.674223
0.102139555
0.10468753
2.8084483
0.10809527
2.9701173
5.4887037
2.7871017
0.11951728
2.9691675
0.10521129
5.656068
2.8071485
5.6729536
5.6767235
2.7821522
2.7947466
5.484309
0.12369053
2.807608
8.33636
2.9828258
2.811776
8.715113
5.853666
2.7912805
2.8119702
8.303625
8.48502
0.15372317
0.13010477
0.15470846
5.6502547
2.7778664
2.9979234
3.0106602
2.8040514
0.12395449
2.7850814
8.510517
5.6234503
5.636727
0.14005566
2.986134
0.14362335
2.9805455
2.791289
2.7999628
8.654335
5.8456793
5.636219
8.475053
2.7905774
2.780211
8.462164
2.9796019
5.4469347
2.9942327
0.1432304
0.14303017
0.1873029
2.9906032
2.80119
8.43536
0.17065427
5.8684244
5.6245155
2.8134766
2.781271
2.7650886
2.9674509
5.4572535
2.9902298
0.15571877
0.14408919
3.0090718
0.15767398
2.7960076
5.650983
8.4795475
5.801452
0.115796156
8.269678
5.4437094
2.9943445
2.7732084
0.13525063
0.11223666
5.8571568
0.13743176
0.13139799
0.16162215
5.6549754
2.7837458
8.293195
8.274434
2.787556
8.284193
13.9749
0.16193803
5.6358557
0.15014595
2.7961454
8.261515
2.9722753
2.8156664
5.6046305
5.3937135
0.15095827
5.8161106
3.023066
2.9723296
2.9914944
0.14766903
2.971534
0.1481987
8.222154
3.0125513
2.8117495
5.8233223
0.16212453
5.822913
0.15810916
2.7956834
5.6256843
5.62103
2.7900202
5.629856
5.423499
8.488466
2.7827742
3.0090876
2.7867758
5.590008
2.9843283
5.6341896
11.295886
2.7709253
5.4092073
3.0283523
3.00606
5.604989
3.0138345
8.608944
5.5812783
2.7970824
2.9916072
0.2249938
2.8218782
10.806963
5.6006374
2.788659
3.0182257
5.4114304
16.44671
2.7668257
2.8226805
2.8241549
5.5911813
8.20896
5.5962634
0.18681708
3.0176632
2.8285475
2.78981
0.19859536
0.19835098
2.7862177
0.20535147
5.8261714
5.368365
3.0048952
0.17446917
5.8057632
3.0015726
5.4017816
3.007327
0.16708505
5.6123495
0.18820521
3.0120153
5.608513
5.644784
0.16241348
2.7515507
3.0082922
0.13431916
0.13656363
2.9749112
0.13144983
2.7580245
2.7845418
0.12091351
5.8493853
2.9787352
5.8582497
5.4332137
5.636984
2.9626436
2.7508407
2.9724135
0.13753399
0.093831785
0.1267578
5.396237
2.747697
5.6281657
0.09821984
5.6098027
2.7577393
2.981742
0.123332575
5.633101
8.492201
5.8505974
3.0007176
2.743515
5.4355516
8.457937
0.14815195
8.248009
0.15790951
2.780486
0.14207137
10.847887
5.396042
0.15398642
5.612123
5.6042833
3.0023732
5.367235
8.638054
0.1471674
2.768393
0.1425321
2.728313
11.1919365
8.417376
2.8009794
0.15659407
8.60697
0.21080303
2.793672
2.7611525
8.166431
5.5781484
0.18357678
5.3900514
7.945882
8.372805
2.787459
8.403956
2.8038282
3.0075774
0.23996073
5.3643064
0.16746368
2.9896057
0.23245776
5.5640507
8.3907175
0.16228643
0.17834483
0.19451594
8.158087
8.172212
5.5959597
0.1454703
0.19903666
2.7419658
5.3558855
2.744915
8.404681
8.1735
5.3944755
10.767397
5.587518
8.653014
5.5762296
2.9847708
0.18492244
3.0041823
2.776006
2.7538948
3.0000916
0.16841163
2.7551148
5.3243675
5.8004827
10.695785
0.19850054
5.5609264
0.180381
2.737015
0.17469957
2.984642
0.17802174
5.577738
2.97392
5.8203545
0.17740372
0.17950428
7.8869877
2.9892676
8.431018
2.983767
0.15913555
2.7137702
8.630686
2.9893517
8.390604
5.549226
10.982086
2.7548816
2.980949
0.16101807
2.768549
0.16982386
0.17848364
3.020032
5.540037
8.391308
2.7305307
2.711093
0.18840739
0.17330116
2.750032
2.748315
2.7193398
8.160876
0.1666492
5.5779133
5.5932236
5.825495
0.14837316
2.9901304
5.560594
0.12709202
0.14745638
2.992979
5.555236
5.346821
2.9653354
3.0179815
5.345798
3.006691
5.83169
0.15684775
5.561304
5.841591
3.0208578
2.9911003
2.725583
0.15765786
5.5685945
0.12941074
0.1431069
2.9851475
0.12603939
0.140434
0.113698214
2.9988203
0.13350491
0.14397122
2.7367165
2.7695987
5.3458033
0.11443616
2.7688327
5.6086254
2.9869666
5.591319
0.12593962
0.090624
2.9779465
5.6030316
5.614338
3.013033
0.108598016
5.325287
5.608602
0.10807136
2.7273808
2.9647725
7.9454803
0.102813594
0.102997206
2.7075176
0.12078893
5.567784
2.9757428
0.12565532
2.996511
2.991345
5.605733
7.923992
8.1623745
5.5963125
2.7407558
10.998896
2.7477913
0.13022967
5.576376
2.7201676
5.8131037
0.12429962
5.8051767
8.625076
7.8606296
5.549165
2.7453926
2.7450545
5.511738
3.005503
2.7691734
8.589211
2.701524
5.3208714
8.030083
2.7579465
3.0070994
3.0240502
0.20060387
7.8480434
2.7722094
0.23661216
2.7266154
5.7775326
2.720089
0.21971935
0.22529858
8.638708
3.009438
2.7456183
2.9788413
5.529542
2.9838877
5.5352964
8.122311
2.752584
8.137182
0.1700499
2.6997437
2.9483964
8.391163
7.86842
2.7101333
2.9884744
8.61495
2.728773
2.9853854
0.20527077
2.9947171
5.2878222
8.3642025
2.7088275
5.534338
2.7409225
2.7756772
8.063559
8.067856
3.0152392
0.1710445
5.54666
2.7555387
2.716448
8.339706
2.7235308
5.537816
2.737814
3.0008998
5.532952
3.0243673
8.581596
5.5271244
8.310636
5.533457
5.241579
2.7412088
2.9903574
5.5299387
5.767113
2.731263
0.24064681
2.677505
13.550259
0.21388805
0.25606224
8.297018
2.7324991
5.806972
2.7215762
3.0084507
11.05743
0.22346377
3.0196452
2.7339916
0.16238524
5.490903
5.484975
13.563963
2.7177563
0.19848734
2.9677281
2.725758
2.7528396
0.22793637
5.256809
2.75774
2.9786425
5.2389646
8.012508
5.5496373
0.167273
0.22205286
5.5419908
2.6935525
2.993165
2.692308
2.7168727
0.18676023
5.531767
13.682306
5.5096455
8.327122
5.218419
2.7073388
5.4825106
0.14950737
8.586072
2.9703135
0.17752482
2.9756021
2.6737127
2.9727926
2.7164967
5.792949
8.028259
2.9850092
3.0267024
5.5196505
2.7297063
0.21494132
2.6918068
2.6968198
5.5038233
2.9752169
2.720347
2.9605794
2.9816794
2.7046633
2.9860902
0.18256687
2.9780512
0.13985784
5.8248587
5.5229316
2.70509
5.236142
0.16749059
0.17097716
2.9669971
5.810337
5.8219805
5.5169363
2.9971929
5.789398
2.7077107
2.7010121
2.9579463
0.1647687
5.249261
0.13150716
5.240941
2.701006
5.8095055
5.242936
2.707683
2.705783
2.704953
7.774006
2.712088
5.2488327
8.29538
0.18177885
2.6691198
0.16654675
8.044298
0.17891607
5.5235395
11.371092
5.80916
0.17056018
2.9799342
2.653545
2.9795294
0.18866515
5.760585
8.0008955
0.18602023
0.20781568
2.7041264
8.554427
0.20761147
5.486103
5.5177937
0.1901342
7.7261934
5.510792
0.20255607
2.689649
2.9650621
3.009581
0.15997833
0.18085548
2.9966664
2.6802225
5.2125506
2.6851966
2.6951833
2.9603095
0.14003867
2.6861105
2.7039073
5.53227
5.214979
2.6624703
0.13075465
0.15080951
2.6920137
2.9818487
5.5116773
0.12949315
0.13031903
2.6721864
2.9917936
2.9573264
0.1260229
5.836357
11.224133
11.226522
8.01642
8.033924
0.1765784
2.9461064
0.18747884
0.17788607
0.1820184
2.976211
5.7766914
5.4929047
2.6688588
5.7990613
0.19376342
8.589659
0.14875355
8.266513
2.9854991
0.18928896
10.2159395
5.2076507
