0.22805761623442014
0.2177499841618542
0.18596139929681463
0.15409502729860416
0.17019967211524
0.15746693689809985
0.13457102601837062
0.16539137790495823
0.17336631938366026
0.28050462942274984
0.4006339719544439
0.37539880385966157
0.3754378082576727
0.37963049675648214
0.37963049675648214
0.37963049675648214
0.37963049675648214
0.37963049675648214
0.37963049675648214
0.37963049675648214
0.37963049675648214
0.37963049675648214
0.26201502951695477
0.26201502951695477
0.26201502951695477
0.26201502951695477
0.26201502951695477
0.26201502951695477
0.26201502951695477
0.26201502951695477
0.26201502951695477
0.26201502951695477
0.26201502951695477
0.26201502951695477
0.26201502951695477
0.26201502951695477
0.26201502951695477
0.26201502951695477
0.26201502951695477
0.26201502951695477
0.26201502951695477
0.26201502951695477
0.26201502951695477
0.26201502951695477
0.26201502951695477
0.26201502951695477
0.26201502951695477
0.26201502951695477
0.26201502951695477
0.26201502951695477
